j dev
0 -56.2973706791165
1 -56.3811192439489
2 -53.1312362362820
3 -52.9872329105448
4 -52.6727380933206
5 -52.5088094568512
6 -52.2208437328843
7 -52.2958354251127
8 -52.5947734376448
9 -52.5363125995986
10 -52.2446870085400
11 -52.0788145971698
12 -52.1560156435148
13 -52.0495258638722
14 -51.8525751343459
15 -51.9456330050661
16 -52.3503118277465
17 -52.4367272396224
18 -52.0858997884988
19 -51.8975526344467
20 -51.9141464178163
21 -52.0193250485477
22 -51.7093391528819
23 -51.7479767094716
24 -51.9834150102052
25 -51.9056209184696
26 -51.6494513682113
27 -51.7577629553831
28 -51.8485652562524
29 -51.7259336529386
30 -51.6004418129989
31 -51.6091239536025
32 -52.1536507288367
33 -51.9826506416860
34 -51.6623825230928
35 -51.9346090902432
36 -51.6800487002684
37 -51.7419248668194
38 -51.6829607945168
39 -51.6539504646626
40 -52.0270724088766
41 -51.8704837123411
42 -51.5305134634511
43 -51.6280882755968
44 -51.6022865334568
45 -51.5831474757984
46 -51.4891556030954
47 -51.6022428507351
48 -51.6729096253834
49 -51.6971942409841
50 -51.5762336028456
51 -51.6741685397386
52 -51.7335566500175
53 -51.4530382924179
54 -51.5741975043334
55 -51.5413989683990
56 -51.5334242905589
57 -51.5177163508117
58 -51.4890217297178
59 -51.3840677571990
60 -51.3914827525004
61 -51.5384723097794
62 -51.4718724952466
63 -51.4780219109370
64 -51.7166836075212
65 -51.7496898517841
66 -51.3576952544416
67 -51.4524800605274
68 -51.4823241191712
69 -51.5909026801128
70 -51.3956784671920
71 -51.1800218521625
72 -51.4680258508983
73 -51.4428143648135
74 -51.2279232572422
75 -51.2165326881540
76 -51.2848620283209
77 -51.4036229599949
78 -51.2011088049236
79 -51.0257643761320
80 -51.4425129289712
81 -51.3526780598433
82 -51.3147414140542
83 -51.3558753474403
84 -51.1994400917732
85 -51.2088921751918
86 -51.2020504909964
87 -51.1090554725007
88 -51.3520912847511
89 -51.3401697313412
90 -51.1715933744143
91 -51.1115974058396
92 -51.1221779804250
93 -51.2427754475862
94 -51.1966209971012
95 -51.1626070885331
96 -51.1573117441422
97 -51.3736497242986
98 -51.1959566969274
99 -51.2125065990704
100 -51.1115477556178
101 -51.1707937773987
102 -51.0828552779925
103 -51.1593588205018
104 -51.1689492066490
105 -51.2815714736088
106 -51.2566191787240
107 -51.0350072760869
108 -50.9396453079338
109 -51.0723692605666
110 -50.9306755041414
111 -51.0534456703033
112 -51.1254274439531
113 -51.0504375295260
114 -51.1886293843112
115 -51.0816824909821
116 -51.1902339463494
117 -50.9704742394708
118 -50.8818499858650
119 -50.8921282577433
120 -51.1760311624712
121 -51.4372289630569
122 -51.0002782182796
123 -51.0355912947709
124 -51.2016152108291
125 -51.0674029450864
126 -50.9620239758293
127 -51.0385360073101
128 -50.8853135127854
129 -51.0717916534275
130 -51.1065848279066
131 -50.8123633293987
132 -50.7467693364216
133 -50.7753660404037
134 -50.7733845920165
135 -50.8198171717990
136 -50.7850097445535
137 -50.7517448917453
138 -50.7339288097113
139 -50.8027590036625
140 -50.7356598883557
141 -50.7442029186514
142 -50.6481768018717
143 -50.7349233060092
144 -50.9055004078229
145 -50.8372456487587
146 -50.7465885639940
147 -50.6088777786929
148 -50.9768109525322
149 -50.5940715329857
150 -50.7197301249437
151 -50.5925552161780
152 -50.9195348083176
153 -50.6902018022070
154 -50.6349856222790
155 -50.6616716705636
156 -50.8644096951109
157 -50.7281879570306
158 -50.5438418955304
159 -50.5502887499935
160 -50.8337311081317
161 -50.5587299058501
162 -50.5305199693842
163 -50.5450716788754
164 -50.7169924123282
165 -50.5554850578179
166 -50.5561211356052
167 -50.8259886681728
168 -50.7695636202894
169 -50.6216286988794
170 -50.7154622115500
171 -50.6217221704291
172 -50.5913721965020
173 -50.6025358972275
174 -50.4538275498558
175 -50.6937123452648
176 -50.5620888478387
177 -50.7592063303625
178 -50.6319097878933
179 -50.3675655330917
180 -50.4472610713839
181 -50.4272846411727
182 -50.6720641303020
183 -50.5137049511286
184 -50.5115330181772
185 -50.6717774613799
186 -50.6787984863936
187 -50.4688835959159
188 -50.5648826058509
189 -50.4925443582023
190 -50.6061611766543
191 -50.5659246065289
192 -50.6799064075033
193 -50.4558346172153
194 -50.4133512018547
195 -50.4836930295651
196 -50.5678880995817
197 -50.3147640541691
198 -50.3075894258361
199 -50.5635885181270
200 -50.6786893565599
201 -50.6187024107624
202 -50.4613111263241
203 -50.4128436815402
204 -50.4301944491326
205 -50.3862071057782
206 -50.4546432254091
207 -50.4868238273372
208 -50.5871361936253
209 -50.2770200386599
210 -50.4042138963317
211 -50.4722307498863
212 -50.4477025483856
213 -50.3992022449506
214 -50.3333469614445
215 -50.5004268357689
216 -50.6324283930315
217 -50.1910581531271
218 -50.5196321268907
219 -50.4178404606835
220 -50.3803243943906
221 -50.4009677730275
222 -50.3620371782587
223 -50.2877930196456
224 -50.5796412309209
225 -50.5927092562124
226 -50.4519233652906
227 -50.3492456972749
228 -50.4563660720603
229 -50.4268471664503
230 -50.1866857209139
231 -50.3001369248503
232 -50.5995968389630
233 -50.3463953439806
234 -50.2679738490797
235 -50.5093534878371
236 -50.5383455958704
237 -50.2401665140843
238 -50.2428492560086
239 -50.4881848159129
240 -50.3727482592550
241 -50.2957731334460
242 -50.2092022328715
243 -50.3258847133771
244 -50.2914998227122
245 -50.2642168754625
246 -50.3633943748142
247 -50.1669158065032
248 -50.1800419567106
249 -50.1752382780721
250 -50.0252517329698
251 -50.3695044285489
252 -50.1319384085325
253 -50.1834775601925
254 -50.1831375447483
255 -50.2873446803064
256 -49.9656312869640
257 -49.9020819811147
258 -49.9840119296520
259 -49.7011021743755
260 -49.7304089942547
261 -49.7342389707686
262 -49.8118530440409
263 -49.6707847113569
264 -49.7318912724193
265 -49.7835819256903
266 -49.8488921824220
267 -49.7440456885523
268 -49.8799216703555
269 -49.6481822105269
270 -49.7475745837121
271 -49.7877642390967
272 -49.7136933370125
273 -49.9562954073838
274 -49.7122056503839
275 -49.8379693556770
276 -49.6832844855492
277 -49.8631192128711
278 -49.7883129895365
279 -49.7913665210852
280 -49.8152079537862
281 -49.7677817011118
282 -49.7139529484069
283 -49.6579127949608
284 -49.6580472428612
285 -49.5521206169287
286 -49.8763017542099
287 -49.6702000590698
288 -49.8961034047057
289 -49.6542228296478
290 -49.7451787778774
291 -49.7805258810195
292 -49.7854927459091
293 -49.9216761425725
294 -49.7214594454121
295 -49.8805066310392
296 -49.6950139128067
297 -49.7628933058445
298 -49.5899218261648
299 -50.0074311378637
300 -49.9500919372991
301 -49.7721057998370
302 -49.7131782240788
303 -49.8650755797310
304 -49.8276923498555
305 -49.6798004557436
306 -49.6149053063577
307 -49.8463673403890
308 -49.6832618241362
309 -49.7045824975630
310 -49.6370258860251
311 -49.6666238633728
312 -49.6505383673854
313 -49.7855908787111
314 -49.7207835414119
315 -49.7590254837022
316 -49.8400547567852
317 -49.7047218975181
318 -49.6460907797660
319 -49.6113143372423
320 -49.7079911283511
321 -49.6655939761444
322 -49.6655277568638
323 -49.6231171747899
324 -49.6862636793011
325 -49.4483236370015
326 -49.6540022880604
327 -49.6137096864273
328 -49.7930927988651
329 -49.6172243714032
330 -49.7362982709120
331 -49.6222794744989
332 -49.7461240553225
333 -49.4371674251678
334 -49.7090114448323
335 -49.6061511365814
336 -49.7663086155111
337 -49.5690960412010
338 -49.7524439556668
339 -49.8644857226973
340 -49.7554457780374
341 -49.5716577471533
342 -49.5617083055449
343 -49.6339864096481
344 -49.5518720562856
345 -49.6076663515433
346 -49.6513639513850
347 -49.6927428398182
348 -49.6254355622070
349 -49.6507210684103
350 -49.5529866275473
351 -49.6343923045939
352 -49.6239312909210
353 -49.4583610018038
354 -49.5970126669570
355 -49.5718956778599
356 -49.7069433391182
357 -49.4625235518044
358 -49.4682203046210
359 -49.7215754676308
360 -49.5343675215381
361 -49.6367085369016
362 -49.4719063202976
363 -49.6213437319404
364 -49.4533235381736
365 -49.6627010421419
366 -49.4791772754472
367 -49.6911149321455
368 -49.7433742837801
369 -49.4932424746680
370 -49.4779506308621
371 -49.4509952593115
372 -49.5099701947423
373 -49.5367226818252
374 -49.5032647572420
375 -49.7785588081770
376 -49.5110309185853
377 -49.6083425549941
378 -49.6216459075749
379 -49.6094762110525
380 -49.5550310727817
381 -49.5484758550432
382 -49.4690474032513
383 -49.6157239357615
384 -49.6349118929451
385 -49.4761593687650
386 -49.3941796305682
387 -49.3938097157896
388 -49.3444694381791
389 -49.4329399797965
390 -49.4054221741069
391 -49.3632879149083
392 -49.5117332490058
393 -49.4958877519990
394 -49.4340334796159
395 -49.5098395856621
396 -49.4814169828147
397 -49.3608018300669
398 -49.4153141874030
399 -49.4779832837928
400 -49.4568981479927
401 -49.5092350383477
402 -49.2538702434748
403 -49.5457733337102
404 -49.3198406628015
405 -49.5185190425160
406 -49.3241244078059
407 -49.3814507005768
408 -49.5061997445300
409 -49.4418837365035
410 -49.3267249633586
411 -49.5484923509054
412 -49.4032027105422
413 -49.4382005231576
414 -49.3886374222878
415 -49.5623275373788
416 -49.4834094814216
417 -49.5701223496192
418 -49.3198244870872
419 -49.5374103793824
420 -49.2648660636705
421 -49.5133802242327
422 -49.4195243452105
423 -49.3907437564816
424 -49.1598132798501
425 -49.4594724367155
426 -49.2657305212052
427 -49.5511865493630
428 -49.3053985711576
429 -49.3989442908284
430 -49.4790686895684
431 -49.3525814056466
432 -49.4741931415190
433 -49.4338826804428
434 -49.3653438113207
435 -49.3154544875911
436 -49.2792708317944
437 -49.2701246790133
438 -49.4078444424146
439 -49.3748018484681
440 -49.2826294377679
441 -49.3013819708685
442 -49.4026711958685
443 -49.2315151916744
444 -49.2098842283082
445 -49.3357474640505
446 -49.1747016091146
447 -49.2844219961448
448 -49.2059712186952
449 -49.2287556640807
450 -49.2886903294327
451 -49.2087662707074
452 -49.2036792616207
453 -49.1462684506307
454 -49.3191786889645
455 -49.1561728586958
456 -49.2330021458880
457 -49.2575023194070
458 -49.1276288347703
459 -49.3152982479845
460 -49.1975045555023
461 -49.1206225416921
462 -49.0436006114393
463 -49.3025119356364
464 -49.2850413093955
465 -49.1628556885411
466 -49.0431877384235
467 -49.0183871829680
468 -49.2537898740303
469 -49.2530455912882
470 -48.9768651722932
471 -49.1899843089102
472 -49.1238313675216
473 -49.2686977879725
474 -49.0521061757783
475 -48.9956415141882
476 -49.2919194194654
477 -49.0787980537711
478 -48.9707106687268
479 -49.0942850160220
480 -49.1260832256079
481 -49.2669342551427
482 -49.1423420675851
483 -49.2690070459918
484 -49.3646741801793
485 -49.2316347942931
486 -49.0993028040545
487 -49.2384646089002
488 -49.1968395697629
489 -49.3389045456800
490 -49.2008944653393
491 -49.1556707704346
492 -49.0786350260310
493 -49.1879283624270
494 -49.1629260465765
495 -49.0616024649156
496 -49.0265338757688
497 -49.1150051894880
498 -48.9445665169974
499 -49.1382817200189
500 -49.1428968489536
501 -49.2359530164535
502 -49.0632618378742
503 -49.2097588332310
504 -49.0312255873286
505 -49.2021976859017
506 -48.9856556417527
507 -49.1147806065452
508 -48.9336521627036
509 -49.0374965018091
510 -48.9570235398761
511 -48.9603934773692
512 -48.6264305407999
513 -48.9038331786685
514 -48.8217067429129
515 -48.8049680428612
516 -48.8344936381609
517 -48.8122819101936
518 -48.9435232562998
519 -48.7317071981235
520 -48.7426184245243
521 -48.9022342772168
522 -48.7542926580478
523 -48.7017040432720
524 -48.6297994761581
525 -48.8396903408043
526 -48.7023681356715
527 -48.7943003966799
528 -48.5961947127878
529 -48.7444667756643
530 -48.5873603330142
531 -48.8363022643310
532 -48.7071013868876
533 -48.9026736175859
534 -48.6569999914311
535 -48.7411020185829
536 -48.6012007764149
537 -48.8509830558548
538 -48.6918992229072
539 -48.5821971932340
540 -48.5492451310424
541 -48.6778678568969
542 -48.6445380502121
543 -48.5986780324962
544 -48.7113700643424
545 -48.7785964091099
546 -48.5957830546592
547 -48.7894545540493
548 -48.7077705820688
549 -48.9616159273445
550 -48.7300011505259
551 -48.8386941851071
552 -48.6550264297128
553 -48.7505371025532
554 -48.7401431128833
555 -48.7707689474102
556 -48.7766447810184
557 -48.7339324753852
558 -48.8139421342366
559 -48.8488890322860
560 -48.9185147969347
561 -48.8317843471141
562 -48.5833111221411
563 -48.8958891753705
564 -48.5873251127321
565 -48.7252472744762
566 -48.6695138831825
567 -48.7707673435086
568 -48.8443108767509
569 -48.7658810825594
570 -48.6741100032317
571 -48.6224328760488
572 -48.6551043736958
573 -48.8123691444472
574 -48.7337310634638
575 -48.7545780159977
576 -48.5899254841619
577 -48.7164996930090
578 -48.6158093072966
579 -48.5913809194827
580 -48.5653792554633
581 -48.8209166198643
582 -48.6980621255229
583 -48.6443366463023
584 -48.4930062711298
585 -48.7773746678954
586 -48.7547075282433
587 -48.5926722965039
588 -48.6012255400283
589 -48.7462387489644
590 -48.6714072524646
591 -48.6310899804791
592 -48.6361747105659
593 -48.9958954361750
594 -48.6749462876840
595 -48.5535493510255
596 -48.6785412081072
597 -48.8285486082002
598 -48.7721069350544
599 -48.7101177637281
600 -48.5317384904179
601 -48.8419990768972
602 -48.5346144112488
603 -48.6128983801564
604 -48.5872074202545
605 -48.6239398726161
606 -48.7067141320605
607 -48.5364999653250
608 -48.4098717454054
609 -48.6699152139756
610 -48.6387719498655
611 -48.6632034003909
612 -48.4378461536414
613 -48.7297277546049
614 -48.6320735953845
615 -48.5281112504440
616 -48.4645362395634
617 -48.6674424364538
618 -48.5701459619553
619 -48.6045892552898
620 -48.5228024806806
621 -48.5887522344451
622 -48.5882514570475
623 -48.5631074596966
624 -48.3113623036228
625 -48.7958727883762
626 -48.6013528725409
627 -48.4406189733024
628 -48.6065632200819
629 -48.5668425509450
630 -48.5513440451891
631 -48.4774857609907
632 -48.6131008343816
633 -48.6886755942805
634 -48.4373236513364
635 -48.4357334020028
636 -48.5762341653174
637 -48.7176333463057
638 -48.5542171148264
639 -48.4737268135750
640 -48.4131699893842
641 -48.4261878274978
642 -48.5068866382522
643 -48.4815922197520
644 -48.4684642709092
645 -48.5129645183861
646 -48.6701539124942
647 -48.4861282977822
648 -48.5817783766691
649 -48.5891221739977
650 -48.6520973765366
651 -48.4611839412192
652 -48.5262876797567
653 -48.6296387562838
654 -48.5661685424338
655 -48.6297861460158
656 -48.2795933029405
657 -48.3936961164162
658 -48.4282095981827
659 -48.4324204251954
660 -48.4559819361188
661 -48.6684085599796
662 -48.5325796603121
663 -48.5042806593190
664 -48.3735003287430
665 -48.6039409835152
666 -48.2682820222365
667 -48.4255628151424
668 -48.4674733270523
669 -48.4580567942035
670 -48.3959624597860
671 -48.4029779024386
672 -48.2334055264987
673 -48.3410780407071
674 -48.2761905673653
675 -48.3976620322020
676 -48.3408552283995
677 -48.2755383627728
678 -48.4242050527390
679 -48.2280409856298
680 -48.1615162384188
681 -48.4243967412278
682 -48.3883556256917
683 -48.3355120590172
684 -48.2120029876843
685 -48.2969904162045
686 -48.4098333999420
687 -48.2219709162059
688 -48.2965669963095
689 -48.4144236214762
690 -48.2451601732677
691 -48.5379777877715
692 -48.1855243278359
693 -48.3980836423953
694 -48.2906846266588
695 -48.3644663775971
696 -48.2439902355193
697 -48.3201821755727
698 -48.3188168445497
699 -48.2180912084081
700 -48.2732792681735
701 -48.3332237367940
702 -48.3122722226690
703 -48.2432946848503
704 -48.0564716097840
705 -48.3744344814134
706 -48.1727506491829
707 -48.3985236698462
708 -48.1775473343815
709 -48.4473540780708
710 -48.3464554240531
711 -48.2444793798864
712 -48.0512020341501
713 -48.3701239583933
714 -48.3393747633455
715 -48.3501676972867
716 -48.2736428409711
717 -48.1127370885682
718 -48.3738838517195
719 -48.0944570682941
720 -48.0441516550999
721 -48.4168887778201
722 -48.2506266594529
723 -48.2394788163710
724 -48.2223899950296
725 -48.2610796362771
726 -48.5818928305983
727 -48.1069886524404
728 -48.1916619457021
729 -48.1945801338900
730 -48.2014795433954
731 -48.2680550080767
732 -48.1261683798837
733 -48.2511521861710
734 -48.2649561696149
735 -48.0920099177178
736 -48.0602335357125
737 -48.3460187100080
738 -48.2128431629536
739 -48.0626603844157
740 -48.1263886385727
741 -48.3215204284993
742 -48.2449036014245
743 -48.0552503833864
744 -48.2409815979833
745 -48.1426769354293
746 -48.1758771128799
747 -48.1310484819374
748 -48.2831541256129
749 -48.0043355330592
750 -48.1528817974925
751 -48.0373155694927
752 -48.0977328030125
753 -48.1625353699797
754 -48.0951303714942
755 -48.0850414601585
756 -48.0532694377019
757 -47.9752154325184
758 -48.0949786240589
759 -48.0802773793758
760 -47.9062478249161
761 -48.1921156627124
762 -48.2284241849177
763 -48.0509639209928
764 -48.0410033466847
765 -48.0048958310077
766 -48.0980665212102
767 -48.1443069422068
768 -48.0776350768263
769 -48.2740173132214
770 -48.2904994853761
771 -48.0928477860297
772 -48.0602401119243
773 -48.0295961948484
774 -48.4559715959160
775 -47.9148762380996
776 -48.0814402718749
777 -48.2533481939515
778 -48.3202843549052
779 -48.0541654255306
780 -48.1670765766090
781 -48.0821821444991
782 -48.2904297065829
783 -48.0044396240160
784 -48.0484639652748
785 -48.1760375422747
786 -48.0453047945699
787 -48.1232222769287
788 -47.9833623386159
789 -48.0167842999367
790 -48.1023686865812
791 -48.0373022649728
792 -47.9371998617472
793 -48.0926460102603
794 -48.0560809876416
795 -48.0079683364235
796 -48.1194925936743
797 -47.9309296119671
798 -48.0397051830414
799 -47.8217083450132
800 -47.9854923809919
801 -48.1780199908639
802 -48.0083560294662
803 -48.0994055166579
804 -48.0603438627272
805 -48.1509337039574
806 -48.1219087513868
807 -47.9069121745308
808 -48.0028496571873
809 -48.0341467120001
810 -48.1336599629328
811 -47.9715502343929
812 -48.0169655307928
813 -47.9927204540105
814 -48.0015059550408
815 -47.8722659397713
816 -48.0794476746091
817 -48.2959782865149
818 -48.0059464249304
819 -48.0482550253793
820 -48.0224322572508
821 -48.0921376167283
822 -48.1975796620888
823 -47.9806492252876
824 -47.9841297196666
825 -48.0864463947640
826 -48.1075023421048
827 -47.7905098703168
828 -48.1090657357441
829 -47.9456919538790
830 -48.3315106552727
831 -47.9548558539583
832 -47.8844496881894
833 -47.9617421396645
834 -47.8691797527897
835 -47.8238954590611
836 -48.1851504839077
837 -47.7996843420818
838 -47.9083747307151
839 -47.9193887075105
840 -47.8864602039997
841 -47.9366965161052
842 -47.9701618785566
843 -47.8088574432715
844 -48.2015432804589
845 -47.8618604087205
846 -48.0586703021863
847 -47.9391118239115
848 -47.7827746259902
849 -47.8482511286473
850 -47.7354500718284
851 -47.8324654771608
852 -48.1380753238971
853 -47.9524509610919
854 -47.9167028742078
855 -47.8363387008362
856 -47.8247907578744
857 -47.8321875050207
858 -47.7104584901968
859 -47.7596667551486
860 -47.9507453632039
861 -47.9558547196121
862 -47.8249498228207
863 -47.7274215773972
864 -47.7592487199128
865 -47.9109191436030
866 -47.7687557839330
867 -47.8557903649579
868 -47.8863636295080
869 -47.7750247656664
870 -47.8444114996867
871 -47.7560501250012
872 -47.5702898530459
873 -47.8996404272611
874 -47.8951881317092
875 -47.7482721864094
876 -47.8997014257896
877 -47.7629356257045
878 -47.9202683113518
879 -47.6599037275063
880 -47.5812828942081
881 -47.9003914503241
882 -47.6269519599654
883 -47.6060234035510
884 -47.8854874154199
885 -47.7782578366012
886 -47.7641740592913
887 -47.4801863363045
888 -47.6364309952856
889 -47.7016920558154
890 -47.8477494378553
891 -47.6404157663841
892 -47.8318638271980
893 -47.8002639134780
894 -47.8411800006429
895 -47.5558238098057
896 -47.4314689330307
897 -47.7272094314179
898 -47.5731723150185
899 -47.6251285680490
900 -47.5162644263148
901 -47.8077256739747
902 -47.6545446817178
903 -47.5414914232468
904 -47.5683954130678
905 -47.6551114604032
906 -47.7300467377292
907 -47.6215186391624
908 -47.7150669843057
909 -47.6197401030611
910 -47.6869215446283
911 -47.5811815768394
912 -47.5037111443816
913 -47.5112753320641
914 -47.7867950287803
915 -47.5012442254408
916 -47.5290422375805
917 -47.6526487274478
918 -47.7211299862874
919 -47.3638017528599
920 -47.5443704258617
921 -47.5026098078757
922 -47.5605166062595
923 -47.3863696463041
924 -47.7315803375651
925 -47.4785666938985
926 -47.5472374349967
927 -47.4319485760050
928 -47.4718637890875
929 -47.5081343727021
930 -47.5308513411971
931 -47.5842769759659
932 -47.4109765730572
933 -47.5732431582599
934 -47.5835512811884
935 -47.3732626703403
936 -47.4673949183652
937 -47.3871514561418
938 -47.4300532057788
939 -47.4817979214336
940 -47.4820043322339
941 -47.4626835113615
942 -47.3914281176609
943 -47.4036536581934
944 -47.3856848939773
945 -47.4738021769113
946 -47.5493246400121
947 -47.3398955898249
948 -47.4098638119964
949 -47.3156260210630
950 -47.4788143925600
951 -47.4381752691826
952 -47.3182755550645
953 -47.2821595268595
954 -47.4437265654915
955 -47.2975467002016
956 -47.3691525416999
957 -47.3472682026079
958 -47.2809956332649
959 -47.3333559306052
960 -47.2815031860617
961 -47.3225856484613
962 -47.4059100273656
963 -47.2553289971012
964 -47.4445566303436
965 -47.2920162696267
966 -47.1427269969435
967 -47.3721242578805
968 -47.3568611665692
969 -47.1677643484553
970 -47.2520154887220
971 -47.1815365605830
972 -47.4998926809917
973 -47.0212948493478
974 -47.1196688437032
975 -47.2961193614915
976 -47.1752112636256
977 -47.2099200960005
978 -47.3961166949132
979 -46.9114000139274
980 -47.4464318578313
981 -47.0826725402841
982 -47.1895008245621
983 -47.0773112075625
984 -47.2884651605481
985 -47.0552193377978
986 -47.1848853889641
987 -47.0407081225717
988 -47.2894443940894
989 -46.8352476569295
990 -47.0744700945130
991 -47.0713404712153
992 -47.0759798310894
993 -47.0239033582189
994 -47.1032365681872
995 -46.9613741666626
996 -47.2704993642828
997 -46.9739359671757
998 -47.1313404560530
999 -46.9458166341336
1000 -47.2274973997128
1001 -46.8676034208282
1002 -47.0267408419346
1003 -46.9260751205140
1004 -47.2077934055686
1005 -46.8017876887328
1006 -46.9048711511233
1007 -46.9101305649097
1008 -46.8701937594645
1009 -46.8972577412214
1010 -46.9373222526114
1011 -46.9071753064775
1012 -46.8760714399055
1013 -46.8369876103654
1014 -46.9027767299860
1015 -46.8857226122774
1016 -46.8096331763722
1017 -46.9417034523191
1018 -46.8652566521519
1019 -46.8767621390152
1020 -46.8269124648659
1021 -46.6773423097416
1022 -46.7756287043440
1023 -46.6043835987786
1024 -44.0503334304505
1025 -44.1381614937027
1026 -44.2407012649891
1027 -44.0347329198036
1028 -44.1065328478294
1029 -43.8311845721155
1030 -44.1475633627606
1031 -44.0696182588817
1032 -44.2469303540449
1033 -44.0410470404476
1034 -44.2005334694219
1035 -43.9499748790465
1036 -44.2858822085010
1037 -44.0019223873628
1038 -44.1446680290836
1039 -44.2056030250956
1040 -44.1895983535971
1041 -44.0219836771956
1042 -44.3245651525418
1043 -43.9476739124811
1044 -44.1867065080664
1045 -43.8427081996575
1046 -44.2021649564025
1047 -44.1680521170134
1048 -44.2509919266411
1049 -43.8855129760244
1050 -44.1718815611207
1051 -44.0995686525568
1052 -44.3682924473076
1053 -43.9472381854701
1054 -44.1450569634125
1055 -44.1469809027165
1056 -44.1913563741574
1057 -44.0253517061722
1058 -44.2526342943476
1059 -44.0541431023173
1060 -44.0971588114682
1061 -43.7369864790555
1062 -44.1025913094913
1063 -44.1620353842933
1064 -44.1223771884550
1065 -43.8751950613935
1066 -44.1558231244655
1067 -44.0565062981619
1068 -44.1998847601573
1069 -43.7932621674176
1070 -44.0353918477806
1071 -44.1161264827025
1072 -44.1636570210281
1073 -44.1161440983972
1074 -44.2884287158518
1075 -43.9765961660294
1076 -44.3042732921648
1077 -43.7448349502945
1078 -44.2606817095484
1079 -44.1950816739000
1080 -44.2140802855001
1081 -43.9665590867060
1082 -44.4101007453233
1083 -44.1906553735361
1084 -44.4401713015117
1085 -44.0654422230265
1086 -44.1611550621827
1087 -44.1697704684398
1088 -44.1339626669417
1089 -44.1104424227965
1090 -44.2120443689070
1091 -44.1819502252454
1092 -44.2113344377446
1093 -44.1194859365435
1094 -44.1999648978355
1095 -44.1006972658126
1096 -44.0465450433199
1097 -44.0425547828154
1098 -44.2733412006824
1099 -43.9891863603721
1100 -44.2727642501233
1101 -44.2051462162840
1102 -44.1796933432182
1103 -44.1689713166151
1104 -44.1698609878680
1105 -44.2235443858876
1106 -44.2676196898158
1107 -44.3234720467826
1108 -44.0874753857883
1109 -44.0844599088583
1110 -44.1660418894153
1111 -44.1146241369619
1112 -44.0998316265999
1113 -44.0874075700516
1114 -44.2525159027305
1115 -44.0670107463081
1116 -44.1251409692279
1117 -44.2730865822214
1118 -44.1653529455664
1119 -44.1291878955660
1120 -44.1810450558470
1121 -44.0263047703273
1122 -44.2290123207806
1123 -44.2217976234420
1124 -44.3815584857922
1125 -43.9516911222946
1126 -44.1347904519722
1127 -44.2043288813194
1128 -44.4133543693936
1129 -43.9980675094235
1130 -44.0976441642382
1131 -44.1569635537509
1132 -44.2827552368971
1133 -43.9547875229397
1134 -44.1363185761720
1135 -44.1479644850573
1136 -44.3316694158313
1137 -44.1438093337593
1138 -44.2850075317811
1139 -44.1488345408429
1140 -44.3010034851691
1141 -44.1536932682080
1142 -44.1061066748442
1143 -44.1596443377832
1144 -44.2743735963757
1145 -44.0695150758387
1146 -44.1008887632345
1147 -44.0915432084137
1148 -44.2484544964901
1149 -44.1889689430914
1150 -44.1105794982772
1151 -44.2584541639110
1152 -44.0564310051798
1153 -44.1763401539684
1154 -44.2004105397757
1155 -44.1414008684250
1156 -44.2559073964523
1157 -44.1740334820550
1158 -44.2975527088599
1159 -44.1373741993248
1160 -44.3510979011322
1161 -44.1771085861564
1162 -44.3455862043666
1163 -44.2423624899704
1164 -44.3916211667413
1165 -44.1330730868546
1166 -44.2259616877098
1167 -44.2593244911418
1168 -44.1841879913168
1169 -44.1749300493739
1170 -44.3362933867288
1171 -44.1288677025079
1172 -44.2852361321949
1173 -44.1877575962780
1174 -44.1924723213205
1175 -44.1120628933488
1176 -44.3852255818117
1177 -44.1593735113065
1178 -44.2289825202624
1179 -44.2220644721826
1180 -44.3544418708421
1181 -44.1388292935444
1182 -44.1930913654324
1183 -44.2039890625472
1184 -44.1087823624807
1185 -44.0050452363786
1186 -44.3481359610949
1187 -43.9817443133668
1188 -44.2463662953942
1189 -44.0245987551830
1190 -44.1091748386424
1191 -44.1084043980749
1192 -44.2531019701120
1193 -44.0340350877961
1194 -44.1833911823510
1195 -44.0082421482576
1196 -44.2387376873001
1197 -44.1030595648585
1198 -44.1355286110954
1199 -44.2096873775663
1200 -43.9939828376399
1201 -44.0546975902690
1202 -44.0643074784216
1203 -43.9768852038028
1204 -44.1472584685530
1205 -44.0782119675044
1206 -44.1696714229712
1207 -44.1786334260360
1208 -44.1837970651103
1209 -44.0291849753660
1210 -44.0717656256263
1211 -44.0993266194688
1212 -44.1609024594624
1213 -44.0446960725076
1214 -43.9887869205830
1215 -44.1369072619052
1216 -44.1601583475574
1217 -44.2299126956373
1218 -44.0860666629039
1219 -44.1628191290640
1220 -44.0815539960928
1221 -44.2567714628349
1222 -44.2826969682367
1223 -44.2732035735404
1224 -44.4319549062331
1225 -44.1358007596527
1226 -44.2346387841919
1227 -44.2644755291243
1228 -44.2096436813211
1229 -44.0922320090882
1230 -44.1614478724894
1231 -44.2539006733855
1232 -44.3034353167805
1233 -44.1692848958848
1234 -44.3069464849920
1235 -44.2065496008432
1236 -44.2654233433546
1237 -44.1492141826761
1238 -44.2384709589859
1239 -44.3302952638370
1240 -44.3448337397332
1241 -44.0979707146462
1242 -44.3044672988394
1243 -44.2355146025891
1244 -44.2120150180594
1245 -44.1917764589132
1246 -44.2170732947165
1247 -44.3149903414302
1248 -44.2896910707948
1249 -44.0255346554403
1250 -44.2555136946076
1251 -44.1263726397195
1252 -44.2368697748420
1253 -44.0865781861561
1254 -44.2127167350748
1255 -44.2521372685009
1256 -44.2417716990275
1257 -44.1819902727384
1258 -44.1402622673414
1259 -44.1895260340547
1260 -44.2985531440857
1261 -44.1099924765277
1262 -44.0874512252909
1263 -44.2348074217432
1264 -44.2905692742414
1265 -44.2725883704598
1266 -44.3372874059321
1267 -44.1433614741063
1268 -44.2139884182266
1269 -44.2093104225744
1270 -44.1959110617565
1271 -44.3499830229499
1272 -44.2978654676133
1273 -44.1322240582848
1274 -44.2634978782033
1275 -44.1656699713528
1276 -44.2374674276133
1277 -44.1745774319936
1278 -44.2152315371121
1279 -44.0715664010696
1280 -44.2805205086229
1281 -44.3269604757545
1282 -44.2823079186770
1283 -44.2939739878597
1284 -44.1238718774653
1285 -44.5148072232713
1286 -44.2305707052826
1287 -44.3799286466370
1288 -44.1933494783310
1289 -44.4102758556857
1290 -44.3018710269461
1291 -44.3184832686007
1292 -44.3358258584688
1293 -44.5068645189254
1294 -44.4593783239008
1295 -44.2935468205644
1296 -44.2225299828163
1297 -44.2135441033670
1298 -44.6031127526529
1299 -44.2607893578689
1300 -44.3100541597198
1301 -44.2629395461095
1302 -44.3470830796247
1303 -44.2794000098827
1304 -44.1856014251267
1305 -44.4409924043719
1306 -44.3333774208710
1307 -44.3501653979014
1308 -44.4246001352125
1309 -44.3533751836404
1310 -44.2975443343841
1311 -44.2419365729616
1312 -44.2032468146927
1313 -44.3337375102561
1314 -44.3672761689001
1315 -44.2562319947602
1316 -44.2206813115025
1317 -44.2730167940319
1318 -44.2655152526912
1319 -44.3448233932990
1320 -44.1551521121242
1321 -44.2752007949435
1322 -44.4067651905702
1323 -44.2371606604336
1324 -44.3740922067619
1325 -44.2140593486037
1326 -44.3493077352797
1327 -44.2458725449438
1328 -44.2450010400566
1329 -44.4165926966550
1330 -44.3077625027685
1331 -44.4166930899077
1332 -44.3067643691891
1333 -44.2569549217066
1334 -44.3179580233610
1335 -44.2552192356370
1336 -44.4108273995130
1337 -44.2522714799498
1338 -44.2621276739306
1339 -44.3118588744650
1340 -44.4464954815954
1341 -44.3324753604416
1342 -44.4394623644254
1343 -44.2398147745121
1344 -44.1121131906326
1345 -44.2661717530138
1346 -44.2405266505060
1347 -44.2504190894418
1348 -44.2545157749905
1349 -44.2099809038669
1350 -44.2630673456902
1351 -44.2552034418511
1352 -44.2621469228586
1353 -44.1181083948941
1354 -44.1761172339676
1355 -44.2700689996800
1356 -44.2318007773147
1357 -44.2950412769630
1358 -44.3042130585973
1359 -44.2915670692990
1360 -44.3076019513804
1361 -44.3863242038580
1362 -44.3209260547367
1363 -44.3785473362271
1364 -44.3266817179977
1365 -44.4848013362467
1366 -44.4673961466102
1367 -44.4984330252945
1368 -44.4857315328637
1369 -44.1785773614029
1370 -44.2650405878583
1371 -44.4377562951987
1372 -44.2272427127705
1373 -44.3131090824509
1374 -44.4705834277048
1375 -44.3121733690651
1376 -44.2483565720688
1377 -44.2156339863004
1378 -44.3087669513070
1379 -44.1984582804282
1380 -44.3791784559687
1381 -44.1506838446990
1382 -44.3137206418045
1383 -44.3728048958706
1384 -44.3007599842353
1385 -44.1315266899823
1386 -44.2351384388466
1387 -44.2334544694316
1388 -44.3794406094513
1389 -44.0986916735528
1390 -44.3542016940722
1391 -44.2572091321346
1392 -44.3234262386595
1393 -44.3144447780265
1394 -44.4764163288391
1395 -44.2508806811822
1396 -44.3992167792565
1397 -44.2950297685720
1398 -44.3273644311404
1399 -44.3184312057949
1400 -44.2734178108769
1401 -44.2572413582609
1402 -44.2369723768220
1403 -44.2633647375046
1404 -44.3637647389271
1405 -44.3917022004933
1406 -44.3627300433622
1407 -44.1483740593478
1408 -44.2811680334312
1409 -44.2731251672008
1410 -44.2582114709131
1411 -44.2626534390567
1412 -44.3078564821237
1413 -44.3103239518813
1414 -44.2899860710011
1415 -44.3625412764430
1416 -44.5451945474786
1417 -44.4545902657710
1418 -44.4284482876939
1419 -44.4185861478171
1420 -44.5737285328190
1421 -44.3495296267004
1422 -44.2331842394864
1423 -44.5219989531210
1424 -44.3761277559175
1425 -44.2560375945287
1426 -44.3056510453708
1427 -44.3481888837957
1428 -44.3366247859973
1429 -44.2986288205963
1430 -44.2443321302602
1431 -44.3966206641672
1432 -44.4149215782921
1433 -44.4691482880169
1434 -44.3813960125670
1435 -44.4273993188866
1436 -44.4404631876933
1437 -44.4075377382857
1438 -44.4212125796409
1439 -44.3237164931902
1440 -44.4366632557109
1441 -44.2091172905015
1442 -44.2330972120219
1443 -44.4163330220083
1444 -44.3645941475225
1445 -44.2082711035761
1446 -44.2291480669025
1447 -44.3694179005233
1448 -44.5305760893561
1449 -44.2818375680414
1450 -44.2548274499810
1451 -44.5152266769647
1452 -44.3620704590575
1453 -44.3069247214319
1454 -44.0704305293969
1455 -44.4447738950336
1456 -44.2548982114640
1457 -44.3564737316788
1458 -44.1658964945608
1459 -44.5138547852577
1460 -44.1917224845142
1461 -44.4028467768943
1462 -44.3483639031221
1463 -44.4373665552678
1464 -44.4453044844939
1465 -44.2671105866859
1466 -44.3086792928860
1467 -44.3508873313260
1468 -44.2655704752536
1469 -44.3522131055495
1470 -44.2611741905795
1471 -44.4952462702277
1472 -44.3800793327838
1473 -44.2067370570561
1474 -44.3148990893996
1475 -44.3194271953798
1476 -44.3696641328547
1477 -44.1730479731933
1478 -44.3055999131695
1479 -44.3189446504696
1480 -44.5977635632115
1481 -44.0966512658326
1482 -44.2956900606631
1483 -44.3371713592049
1484 -44.2991116032327
1485 -44.3012261242283
1486 -44.2185012476054
1487 -44.3631018144348
1488 -44.4318518390309
1489 -44.2741541212238
1490 -44.2346421284879
1491 -44.3776301505546
1492 -44.2451715833057
1493 -44.3118275667200
1494 -44.3754085680487
1495 -44.3401288995218
1496 -44.4623825652405
1497 -44.2993258298720
1498 -44.3509886683226
1499 -44.3973474809351
1500 -44.4003928812571
1501 -44.3515271777661
1502 -44.3288853345533
1503 -44.4179644649983
1504 -44.4659359925803
1505 -44.1923671533252
1506 -44.3243547496864
1507 -44.3942811394460
1508 -44.5457196996661
1509 -44.3801721400970
1510 -44.3126292429706
1511 -44.3386027470286
1512 -44.5802421388979
1513 -44.2198749258639
1514 -44.3326892112196
1515 -44.3582432596683
1516 -44.5335902427077
1517 -44.3224173277945
1518 -44.2936113650762
1519 -44.4360389191730
1520 -44.4095560287664
1521 -44.3302487868812
1522 -44.4293438106360
1523 -44.3802819360998
1524 -44.4189863798825
1525 -44.4518083034588
1526 -44.4855808549546
1527 -44.5824638570744
1528 -44.5007330769962
1529 -44.1928783998325
1530 -44.3838431171643
1531 -44.4358531724800
1532 -44.2699331343764
1533 -44.3842631668892
1534 -44.2221944678812
1535 -44.3396090397960
1536 -44.2715136531625
1537 -44.2610504165480
1538 -44.3347967349948
1539 -44.0680465919790
1540 -44.3241487929468
1541 -44.1401591188581
1542 -44.2282528201573
1543 -44.2904471884451
1544 -44.4677043117975
1545 -44.2561811690295
1546 -44.1597086563380
1547 -44.3611209409099
1548 -44.1514589367759
1549 -44.0908016610006
1550 -44.2218896310261
1551 -44.3684561771644
1552 -44.3583148050177
1553 -44.2852572182766
1554 -44.3363377049538
1555 -44.2211197837591
1556 -44.2986916359437
1557 -44.2214482601464
1558 -44.2503979824790
1559 -44.3552538887228
1560 -44.2901593290355
1561 -44.2829684097825
1562 -44.1582400219351
1563 -44.3761086069426
1564 -44.2718846712730
1565 -44.1685278038678
1566 -44.3073122824094
1567 -44.3696318801776
1568 -44.3929068702747
1569 -44.1225906978420
1570 -44.2406746345240
1571 -44.2553897555521
1572 -44.2760851350307
1573 -44.1655813535732
1574 -44.3014375272337
1575 -44.2881698641932
1576 -44.3560925208664
1577 -44.3671587887469
1578 -44.3461688268797
1579 -44.3185802150988
1580 -44.3019755258917
1581 -44.2164650028184
1582 -44.1846830127520
1583 -44.4661387846561
1584 -44.2378100108229
1585 -44.1898496475896
1586 -44.2897565456683
1587 -44.0771309928993
1588 -44.2514591521893
1589 -44.1032975062372
1590 -44.2384868133770
1591 -44.3344902720535
1592 -44.4840298424598
1593 -44.2111782237143
1594 -44.1456097124777
1595 -44.2942489395936
1596 -44.3491558205591
1597 -44.1751049593340
1598 -44.2576493821571
1599 -44.4833687351692
1600 -44.4589622938887
1601 -44.3408364092392
1602 -44.3735497176961
1603 -44.2829823333607
1604 -44.4388633826190
1605 -44.2220388063084
1606 -44.1632693368074
1607 -44.4640005776831
1608 -44.3753858612293
1609 -44.3612397073946
1610 -44.2658241724278
1611 -44.3998150226686
1612 -44.3466728429109
1613 -44.1251352975153
1614 -44.1923546767491
1615 -44.5033679035330
1616 -44.4997881365210
1617 -44.3071906060891
1618 -44.1916663530661
1619 -44.2148687852512
1620 -44.3382767622307
1621 -44.2981457982556
1622 -44.2800861031057
1623 -44.5251587657385
1624 -44.5155036885692
1625 -44.2229887452107
1626 -44.2201993106340
1627 -44.4633758189347
1628 -44.4391764068859
1629 -44.0625211828075
1630 -44.2853796557383
1631 -44.5258459699482
1632 -44.5629550571618
1633 -44.1883804498237
1634 -44.2230777319512
1635 -44.2256219484867
1636 -44.2257573217911
1637 -44.2354014689170
1638 -44.1194875141720
1639 -44.4760294563975
1640 -44.3618208805490
1641 -44.2107034347655
1642 -44.1398977157895
1643 -44.2513005068144
1644 -44.2067104680992
1645 -44.2469464117164
1646 -44.2256311790279
1647 -44.4180515701670
1648 -44.5701909589306
1649 -44.2954856030382
1650 -44.3151630902553
1651 -44.2736257087983
1652 -44.3237568052781
1653 -44.2528977716263
1654 -44.1218976612481
1655 -44.4016181817027
1656 -44.3889890761082
1657 -44.1977821430375
1658 -44.1080161127093
1659 -44.4110144990550
1660 -44.2329614771512
1661 -44.2131738603883
1662 -44.1931228096890
1663 -44.5153813209745
1664 -44.3208989980763
1665 -44.3315496574114
1666 -44.2924343382170
1667 -44.4589558967860
1668 -44.3875998632818
1669 -44.2885790080990
1670 -44.4907283909102
1671 -44.4360193794204
1672 -44.2945503741558
1673 -44.3884033992075
1674 -44.3387527066256
1675 -44.3808615195735
1676 -44.3120706453498
1677 -44.4584189797899
1678 -44.4335161613082
1679 -44.3532374896595
1680 -44.5348147629983
1681 -44.4113947598636
1682 -44.3900200049896
1683 -44.5107146183400
1684 -44.3594163043442
1685 -44.3759354763847
1686 -44.2296609660067
1687 -44.4681827237949
1688 -44.2816192707150
1689 -44.3190674902962
1690 -44.2917061956168
1691 -44.5078957591415
1692 -44.3111230058010
1693 -44.4369130517632
1694 -44.3582414371935
1695 -44.4498485682478
1696 -44.2279448281519
1697 -44.3349116587254
1698 -44.4576176849671
1699 -44.3200299055384
1700 -44.2855574088671
1701 -44.3231856539713
1702 -44.3139422018586
1703 -44.5012469789034
1704 -44.2625125772965
1705 -44.3805031015268
1706 -44.3608126291790
1707 -44.3989691228069
1708 -44.1816868968990
1709 -44.2003691774606
1710 -44.2961130466094
1711 -44.4030400855210
1712 -44.4441456853934
1713 -44.3651939166247
1714 -44.3086219873298
1715 -44.4183955067414
1716 -44.2831622926192
1717 -44.2909787673027
1718 -44.2439428659791
1719 -44.4710374293388
1720 -44.1712182592012
1721 -44.3003321931246
1722 -44.2724950307739
1723 -44.4717720434171
1724 -44.2921544420953
1725 -44.4166405869088
1726 -44.4063924185824
1727 -44.4114616682407
1728 -44.3935021191545
1729 -44.3299671008541
1730 -44.4748550371473
1731 -44.5333803404799
1732 -44.4783757115396
1733 -44.2283601871093
1734 -44.2459597364597
1735 -44.4321394473734
1736 -44.3665506715484
1737 -44.2709267509411
1738 -44.2955605098118
1739 -44.2784715628454
1740 -44.3306384909385
1741 -44.3043214656949
1742 -44.2322862978372
1743 -44.3768550811483
1744 -44.3936991853288
1745 -44.4200266238069
1746 -44.4376446685770
1747 -44.2402567737350
1748 -44.3965870941046
1749 -44.2566276339510
1750 -44.2678813446691
1751 -44.4163990409788
1752 -44.4065848646310
1753 -44.3874835074447
1754 -44.3228039134140
1755 -44.4629962143141
1756 -44.4164291608138
1757 -44.3771131411219
1758 -44.2867236586503
1759 -44.3577811840962
1760 -44.5234370806812
1761 -44.3347181540799
1762 -44.3187218951318
1763 -44.4439137374774
1764 -44.3695238191216
1765 -44.3624784364202
1766 -44.1593914804723
1767 -44.3978661155170
1768 -44.4217229173628
1769 -44.2500849254402
1770 -44.0419365586738
1771 -44.3772779944822
1772 -44.3540724025945
1773 -44.4139741815354
1774 -44.2248595024257
1775 -44.5172450530271
1776 -44.5442900592819
1777 -44.3208842775392
1778 -44.2537854651662
1779 -44.4138562989384
1780 -44.2381390110336
1781 -44.4721762113492
1782 -44.3098717512086
1783 -44.4050292134102
1784 -44.3050673719652
1785 -44.3708630963766
1786 -44.1675801179845
1787 -44.4506114723022
1788 -44.1883930617917
1789 -44.5602023992024
1790 -44.3155637283600
1791 -44.3337206453780
1792 -44.5626027177213
1793 -44.3212521456493
1794 -44.5094634955030
1795 -44.3457956969685
1796 -44.5776990389381
1797 -44.2366245157348
1798 -44.4142875964051
1799 -44.5288436083557
1800 -44.6073842297691
1801 -44.3222815685391
1802 -44.4922358961589
1803 -44.4499242522051
1804 -44.3577658022283
1805 -44.5273534917343
1806 -44.3392892342054
1807 -44.4721865212894
1808 -44.6309236089165
1809 -44.3215600653462
1810 -44.3581345429020
1811 -44.4629348940912
1812 -44.4724642367077
1813 -44.3977392226835
1814 -44.3344921393774
1815 -44.6057394489093
1816 -44.4708887808813
1817 -44.3456698385956
1818 -44.5282790302714
1819 -44.4511997235316
1820 -44.3618197835521
1821 -44.3867168351690
1822 -44.2864253574892
1823 -44.5178401764622
1824 -44.6419288001756
1825 -44.3479711685925
1826 -44.3448397331634
1827 -44.3607622412481
1828 -44.3569183846460
1829 -44.2875771406824
1830 -44.3036594469922
1831 -44.4749342035309
1832 -44.5110171046260
1833 -44.3215398274889
1834 -44.2781510941493
1835 -44.4820264084584
1836 -44.2849385336852
1837 -44.3898377710789
1838 -44.2557914482947
1839 -44.6628903736895
1840 -44.6577785031259
1841 -44.6077854975071
1842 -44.4887646514733
1843 -44.4951916988767
1844 -44.4982467270854
1845 -44.4077050297124
1846 -44.4270865812352
1847 -44.5460103198090
1848 -44.6128752865671
1849 -44.4513199808342
1850 -44.4467686857524
1851 -44.4925509563442
1852 -44.5257342633231
1853 -44.4149008968205
1854 -44.4780282589185
1855 -44.7859094638012
1856 -44.5958939634575
1857 -44.4859006348150
1858 -44.5114008680668
1859 -44.3415560727213
1860 -44.4959115888386
1861 -44.3922942723955
1862 -44.4337247439070
1863 -44.3269720198974
1864 -44.5410331977860
1865 -44.4079431765053
1866 -44.4243008617353
1867 -44.4493808801946
1868 -44.3430461311412
1869 -44.2878946377287
1870 -44.3774163486528
1871 -44.4686350899269
1872 -44.6499478427737
1873 -44.4152681000771
1874 -44.5420381124103
1875 -44.3968007964454
1876 -44.4427015705501
1877 -44.4773648631965
1878 -44.5613257644353
1879 -44.4830837080231
1880 -44.5244138945232
1881 -44.5481408753032
1882 -44.3851481900274
1883 -44.4027180323795
1884 -44.4019884308753
1885 -44.3573238001899
1886 -44.4363985511849
1887 -44.3275942581583
1888 -44.5414788101137
1889 -44.3377483331433
1890 -44.4575686322516
1891 -44.5711297473046
1892 -44.4732327787556
1893 -44.5899962401838
1894 -44.2462723226050
1895 -44.4430957645159
1896 -44.3848717906592
1897 -44.4354500904322
1898 -44.3186903306730
1899 -44.3895844103130
1900 -44.4024882098904
1901 -44.5395395072639
1902 -44.3999755337275
1903 -44.4585189747799
1904 -44.7327878551779
1905 -44.4926048320944
1906 -44.3250527474352
1907 -44.5430359413044
1908 -44.4895751854459
1909 -44.5346184198432
1910 -44.3046914637076
1911 -44.4858699983221
1912 -44.6628568361840
1913 -44.6569980035302
1914 -44.3418969042638
1915 -44.4939957966925
1916 -44.4778142205884
1917 -44.4548056800337
1918 -44.3537389682470
1919 -44.6826612922285
1920 -44.6353594129589
1921 -44.5229148352265
1922 -44.6382000837557
1923 -44.4051535989211
1924 -44.5301444218085
1925 -44.3749116906827
1926 -44.4886429671370
1927 -44.6311218459429
1928 -44.5779589249595
1929 -44.5065626414207
1930 -44.5760440415286
1931 -44.5420438095821
1932 -44.5481714627142
1933 -44.4575138165779
1934 -44.4798545679006
1935 -44.5421659195335
1936 -44.6850979875914
1937 -44.6169690022603
1938 -44.5184072745124
1939 -44.5645962853241
1940 -44.4048378871717
1941 -44.4764434492690
1942 -44.5602161372828
1943 -44.5733284025051
1944 -44.5324425815087
1945 -44.5374522778809
1946 -44.5288819121102
1947 -44.6706733713597
1948 -44.4747617502398
1949 -44.3396362851942
1950 -44.6000135241278
1951 -44.5762169770408
1952 -44.5563152428579
1953 -44.4327832506039
1954 -44.4964978632200
1955 -44.5748554733204
1956 -44.3859149678892
1957 -44.4961565924284
1958 -44.4088069188419
1959 -44.6953604774200
1960 -44.4081519259319
1961 -44.4821569301347
1962 -44.3552373647071
1963 -44.5134507898381
1964 -44.3788267362619
1965 -44.3947863787716
1966 -44.3737755916679
1967 -44.4664454498968
1968 -44.5900508125349
1969 -44.1919910242551
1970 -44.3958666407182
1971 -44.4221422974873
1972 -44.3774033383248
1973 -44.5145107449034
1974 -44.2762040724638
1975 -44.4632809838063
1976 -44.4810559556351
1977 -44.3335260695128
1978 -44.3548728834084
1979 -44.5577032012810
1980 -44.4364493428529
1981 -44.5794461583531
1982 -44.4235319263498
1983 -44.5748251906146
1984 -44.4270598538107
1985 -44.2643383879375
1986 -44.3764621518487
1987 -44.5111070147110
1988 -44.4056322236805
1989 -44.1683314350471
1990 -44.2066135845689
1991 -44.4789755508827
1992 -44.4937418941327
1993 -44.4672258848310
1994 -44.3413112906242
1995 -44.5672054932943
1996 -44.3826726709144
1997 -44.3430289980442
1998 -44.3154813364155
1999 -44.5573615562864
2000 -44.3996296540051
2001 -44.5653772684748
2002 -44.4084426302452
2003 -44.4052436536697
2004 -44.6002005309790
2005 -44.2414621474676
2006 -44.4394739717966
2007 -44.4970843180993
2008 -44.5726899467019
2009 -44.3415438037285
2010 -44.3398401967923
2011 -44.5709327247687
2012 -44.4943348650442
2013 -44.4224558376247
2014 -44.4578237569381
2015 -44.4942943177768
2016 -44.6382078618581
2017 -44.3911593411617
2018 -44.4727169260027
2019 -44.4117182211398
2020 -44.5240216689778
2021 -44.2029021786361
2022 -44.3479376466618
2023 -44.4389463446543
2024 -44.5060126968958
2025 -44.3196315574266
2026 -44.2995861759913
2027 -44.5402202993999
2028 -44.4438559303621
2029 -44.2964448784240
2030 -44.3717754850561
2031 -44.4237700663414
2032 -44.6800453264855
2033 -44.3763858215946
2034 -44.5109879463046
2035 -44.4831585577732
2036 -44.5737061516586
2037 -44.3313270347628
2038 -44.4956885952188
2039 -44.6638127109972
2040 -44.6849465253810
2041 -44.3235163222889
2042 -44.5089533702898
2043 -44.5272581035820
2044 -44.4429956814342
2045 -44.4639257142297
2046 -44.3498451968352
2047 -44.6384868225213
