j dev
0 -45.6045816488632
1 -45.6860150536545
2 -45.1391339621585
3 -45.1993363127687
4 -44.7943346932647
5 -45.0614710025285
6 -44.7041035916320
7 -44.8015874792936
8 -44.5328219482297
9 -44.6211761024446
10 -44.2515612477843
11 -44.4040951110590
12 -44.2839829878104
13 -44.2217518177916
14 -44.1450656185581
15 -44.2173377751152
16 -44.1464500942878
17 -43.9694308166426
18 -44.1172329441646
19 -43.9387606606061
20 -43.8913136504134
21 -43.8127462463257
22 -43.8622890507685
23 -43.8983243297806
24 -43.7538746202392
25 -43.7243757936896
26 -43.8310677698220
27 -43.8309780153074
28 -43.6663887043960
29 -43.9997243040828
30 -43.6025682290346
31 -43.6556667272315
32 -43.6390382267029
33 -43.6815175884551
34 -43.8610346180311
35 -43.4966975147243
36 -43.7466196370346
37 -43.6150848838666
38 -43.5778873594442
39 -43.7212739381381
40 -43.6651092080976
41 -43.5172275269054
42 -43.4410532613528
43 -43.5612269033555
44 -43.5601898227341
45 -43.5771666131316
46 -43.5929441684873
47 -43.6185830466462
48 -43.5327132954974
49 -43.3632975137979
50 -43.6416266846666
51 -43.5738187569794
52 -43.4578482313704
53 -43.6347397716210
54 -43.4202862949690
55 -43.5221092827347
56 -43.3643221236594
57 -43.6415811907123
58 -43.4249176295442
59 -43.5368961571786
60 -43.5174811777220
61 -43.4541380613930
62 -43.3359596641919
63 -43.4977806415768
64 -43.2064328444658
65 -43.3249259261633
66 -43.3306451105414
67 -43.2517786071821
68 -43.3253375564600
69 -43.4589692630898
70 -43.1469479691778
71 -43.3563893639814
72 -43.3427775606820
73 -43.3791491184858
74 -43.2398999466824
75 -43.4357257454523
76 -43.3282519544424
77 -43.1624542456351
78 -43.2904108574837
79 -43.1751928575196
80 -43.4157080300095
81 -43.2064548078952
82 -43.3940036145247
83 -43.2568992446510
84 -43.0983200415831
85 -43.3897560485363
86 -43.2475895385334
87 -43.3742140987008
88 -43.2402707584420
89 -43.0961595242290
90 -43.3251564644687
91 -43.4329480460042
92 -43.3539687710085
93 -43.1586681327783
94 -43.2112715055016
95 -43.3885182245710
96 -43.1356589757446
97 -43.1995654744266
98 -43.1070002082442
99 -43.1923208477783
100 -43.2170667066134
101 -43.2212404651104
102 -43.0913296263322
103 -43.0072093665233
104 -43.0672932953894
105 -43.1749835609765
106 -43.1421922388826
107 -43.1164929631385
108 -43.2347590317924
109 -43.1817418902157
110 -42.9921823635404
111 -43.4621808341224
112 -43.3309394296456
113 -43.1686496894031
114 -43.2308653006997
115 -42.9725590618705
116 -43.2167584045534
117 -43.1891533150495
118 -43.0032893931451
119 -42.9511389245447
120 -43.3599121031926
121 -43.3307607443011
122 -43.2073824181989
123 -43.2005585486187
124 -43.0631964434426
125 -43.2089888481301
126 -43.0896379653667
127 -43.0765298616299
128 -43.1586368112327
129 -43.1848737611831
130 -43.1195304340588
131 -43.0239210639489
132 -43.1649714169437
133 -43.0023884672192
134 -43.0758999260847
135 -43.2510313578172
136 -43.1014509999601
137 -43.1000738383541
138 -43.1430399838622
139 -43.1614943624136
140 -42.9714793425288
141 -43.1214325291750
142 -42.9318286134834
143 -43.2716313695693
144 -43.1011768087016
145 -43.0732285209060
146 -43.3045880901407
147 -43.1423720537381
148 -43.0673448044714
149 -43.3476227722035
150 -43.1389618749913
151 -43.0127648003019
152 -43.2243704329011
153 -42.9537555080993
154 -42.8953594899439
155 -43.1777738556674
156 -43.0137969472023
157 -43.2133342470276
158 -43.1791313494248
159 -43.0005196470273
160 -43.1563472054670
161 -42.9229368739694
162 -43.0071010601190
163 -43.0114015007335
164 -43.0658922642643
165 -42.9748948985041
166 -43.2116200293482
167 -43.0185671921734
168 -43.0694028209405
169 -43.1374611339559
170 -43.2071136251820
171 -42.9316200316001
172 -43.0882234572560
173 -42.9726370285341
174 -43.2432262528196
175 -43.1483915358499
176 -42.8949861376409
177 -43.2642303951712
178 -43.1570682410501
179 -43.0600859063020
180 -43.1979801241434
181 -43.0168302174088
182 -43.0243620946556
183 -42.9112161086105
184 -43.0798601006608
185 -42.9691273562403
186 -42.8958932417520
187 -43.2030712069011
188 -43.0000144092144
189 -43.2519792132363
190 -43.1746852104176
191 -42.9703931638461
192 -43.0438557207238
193 -42.8524025222054
194 -43.0754276745492
195 -42.8603029092679
196 -43.0052485559875
197 -43.0497669517370
198 -43.0344706257120
199 -42.8504095297519
200 -42.8901633994116
201 -42.9037116833759
202 -43.0877288947336
203 -42.8977694111924
204 -43.0791232491902
205 -42.8572559477189
206 -42.9726909801599
207 -43.0049552173339
208 -42.9851985818417
209 -43.0220114430545
210 -43.0246301424682
211 -42.9664370373000
212 -43.0637262899583
213 -43.1189449363794
214 -42.7574414673590
215 -42.9524157558338
216 -43.2479172505367
217 -42.9501944575233
218 -42.9830170826671
219 -43.1096039545019
220 -42.9880337178048
221 -43.0958975508574
222 -42.9537767438461
223 -42.9235291173785
224 -43.0632811893377
225 -42.9522160066703
226 -43.1175436869123
227 -43.0607146524608
228 -43.0057108796548
229 -42.9672850986939
230 -42.8813090512322
231 -43.0079813164456
232 -42.9329988864917
233 -43.0820617120955
234 -42.8939172033826
235 -42.9422675365214
236 -43.1996488054038
237 -43.1036100973049
238 -43.1269271411348
239 -43.0656184716528
240 -43.0648281132618
241 -43.0044836828239
242 -43.1548948727782
243 -43.2234618327097
244 -43.1571382750263
245 -42.7154644758470
246 -43.1083209499480
247 -43.1498128510119
248 -43.3621710485548
249 -43.0469480442639
250 -43.0941851006383
251 -42.9997657218928
252 -42.8963705756119
253 -43.0103161831798
254 -42.9619218611818
255 -42.9157943621604
256 -43.2920422225343
257 -42.8708251107004
258 -43.0541955635537
259 -42.9710621160762
260 -43.2400397929216
261 -42.9758917951165
262 -43.0844904354198
263 -42.9651036828817
264 -43.2199013978656
265 -42.8849885660654
266 -43.1648993384138
267 -43.0896538541855
268 -42.8878681628014
269 -43.0486510920373
270 -42.9118068374587
271 -43.0396699645996
272 -42.8210918251564
273 -43.0897147048504
274 -43.0098458994542
275 -42.8771055583026
276 -42.9883514428736
277 -43.0435541505374
278 -42.8623644652613
279 -43.2191034458459
280 -43.0250324980193
281 -42.9984983482099
282 -43.1745136528395
283 -43.0243780124479
284 -43.1790444631362
285 -43.0027963671734
286 -43.0101200736043
287 -43.1386411758112
288 -43.0195038555969
289 -42.9378370723327
290 -42.9875762192082
291 -42.8713139547092
292 -43.0558622140313
293 -42.9179531154205
294 -43.1638638922657
295 -43.2169075541535
296 -43.0664138112727
297 -43.1606465153097
298 -43.0749078653156
299 -43.1086691076718
300 -43.0154767631390
301 -43.0855586120997
302 -42.9678733904891
303 -43.0263963836306
304 -43.0286046427372
305 -42.8304455196300
306 -42.9210881130764
307 -43.1859156058667
308 -43.1460750405694
309 -42.9680198881823
310 -43.2068301427871
311 -42.9438498067731
312 -43.0514614148365
313 -42.9712700338165
314 -42.9356755460782
315 -42.9291501745947
316 -43.0595681961664
317 -43.1178591433258
318 -42.9205668106277
319 -42.9269430408854
320 -42.9779475526612
321 -43.1681655984055
322 -43.1438381379709
323 -43.0250569529655
324 -43.0674111857550
325 -43.1380048128342
326 -42.9272827250646
327 -43.0693189049137
328 -42.9734733463373
329 -43.0002296796801
330 -42.9063678036797
331 -42.9261454332556
332 -42.9737611541513
333 -43.1237061682435
334 -43.0674531603841
335 -43.1210625284140
336 -43.0117706938699
337 -43.1923146520238
338 -43.3139762813736
339 -43.1947320212228
340 -43.0750895489110
341 -43.2496495552715
342 -42.9964058632325
343 -43.1833920939468
344 -43.0401658514225
345 -43.0088606768765
346 -43.0632410141676
347 -43.2826918144376
348 -43.1087314311120
349 -43.0826867614515
350 -43.0779517598490
351 -43.0102546987444
352 -43.1577096853202
353 -42.9525470782133
354 -42.9555978192817
355 -43.0354838658468
356 -43.0652030093159
357 -42.9730889080746
358 -42.9672520304992
359 -43.0463794952028
360 -43.0771676812859
361 -42.8393753887788
362 -43.1981768516526
363 -43.0116104455583
364 -43.1658712951656
365 -43.0259347618173
366 -43.0978856856517
367 -43.1030206418761
368 -42.9987558245183
369 -42.7957845218580
370 -43.1558909975733
371 -43.0193497438228
372 -43.3567229421606
373 -43.0221530236738
374 -42.9919428190502
375 -43.1547017340287
376 -43.1799677867689
377 -43.0743834321568
378 -42.9739967287327
379 -43.0666165568332
380 -42.9938308746923
381 -42.9205986914022
382 -43.2141787133222
383 -42.8888669240240
384 -43.2948706308968
385 -43.2091296647787
386 -43.1969230102531
387 -42.8379271779098
388 -43.0003595019894
389 -43.1242300387410
390 -43.1341757178203
391 -43.0937179498034
392 -42.9718812031807
393 -43.4622123006155
394 -43.2040652616005
395 -43.3570150143312
396 -43.2090705823452
397 -42.9970999910053
398 -42.9729019075483
399 -43.0037249661597
400 -43.1218614632117
401 -43.0283955461679
402 -43.0287490254731
403 -42.9524463205266
404 -43.0331704907788
405 -43.2125588801840
406 -43.1207229513661
407 -42.9910257764795
408 -43.2345088941155
409 -43.0046962078881
410 -43.1714047159325
411 -43.2108891736571
412 -43.0430072529788
413 -43.1331057323156
414 -43.0065805552068
415 -42.9326131081173
416 -42.9252679122605
417 -42.8887255606256
418 -42.9523596548469
419 -42.9870672778383
420 -43.0754468771392
421 -43.3105189496498
422 -43.0274332503127
423 -42.9866270119985
424 -43.0980630188840
425 -42.9893357989424
426 -43.0595993330802
427 -43.1417169627597
428 -43.0622681843906
429 -43.0804888303005
430 -43.2513516163190
431 -43.0054441275366
432 -43.0406135224792
433 -43.0664094023170
434 -43.0311685877771
435 -43.0689661138289
436 -43.2304894746965
437 -43.2186691681960
438 -43.2267725425787
439 -43.1604754429542
440 -43.3202919313516
441 -43.3846861606976
442 -43.0785276491884
443 -43.1679936302629
444 -43.0231057197002
445 -43.1056526930152
446 -42.9657157736639
447 -43.2762606286753
448 -43.1558365476833
449 -43.2019970724916
450 -43.0816238778988
451 -43.0772160346607
452 -43.1021211859884
453 -43.1264612122252
454 -43.1949755086121
455 -43.0676094517281
456 -43.0215004835622
457 -43.0489310006214
458 -43.1513896155550
459 -43.2147114823858
460 -43.2656968839148
461 -42.9304746213469
462 -43.0148137672862
463 -43.1781054841471
464 -43.0665726456817
465 -43.2268123605278
466 -43.1399659485467
467 -43.0771813150349
468 -43.3402727707258
469 -43.2774852781837
470 -43.2241174205471
471 -43.0886729116009
472 -43.2774751368184
473 -43.2584238389543
474 -43.1877217939153
475 -43.2060558487506
476 -43.3103512628923
477 -43.3520112709107
478 -43.3177004710325
479 -43.1768973412970
480 -43.2504692354149
481 -43.3585254216180
482 -43.2883122272253
483 -43.3115386935577
484 -43.1252763674455
485 -43.1526591824915
486 -43.2139404802215
487 -43.1565489176478
488 -43.1882775500752
489 -43.2411362959472
490 -43.3316039450168
491 -43.0973755742696
492 -43.1169449349720
493 -43.1753160299294
494 -43.1823368549562
495 -43.2461761046490
496 -43.2164824761860
497 -43.1462848344350
498 -43.0983290162177
499 -43.2253404851403
500 -43.2225055066342
501 -43.1610742881376
502 -43.2032268915921
503 -43.2905582559192
504 -43.3476844074768
505 -42.9872241650600
506 -43.3693123992314
507 -43.1107267493543
508 -43.2510091930014
509 -43.4064578381473
510 -43.4673449853453
511 -43.4367779804303
512 -43.1030456374832
513 -42.8576941218569
514 -43.1933292925443
515 -43.1894848092577
516 -42.8835501966594
517 -42.9372745461224
518 -43.2743841209477
519 -43.2512493274609
520 -43.0510211557487
521 -43.3468122487929
522 -43.0787660490701
523 -42.9713665092347
524 -43.0617245334279
525 -43.0793201529650
526 -43.1929497777075
527 -43.0437676315026
528 -43.2168509808358
529 -43.1886341224932
530 -42.9918691850122
531 -43.2384515306239
532 -43.1195052644254
533 -43.1035951096435
534 -43.1777561122949
535 -43.1930922963450
536 -43.1510016975080
537 -43.2757064944234
538 -43.1628243445808
539 -43.1635921628918
540 -43.0726992091382
541 -42.8013622259027
542 -43.1072066584086
543 -43.2872648875453
544 -43.2734068649459
545 -43.1107849090679
546 -43.1145679653183
547 -43.0954470449739
548 -43.0954695622273
549 -43.0013767627701
550 -43.1268168340261
551 -42.9361741586713
552 -43.2108645627545
553 -43.0986995260382
554 -43.3052414190095
555 -43.1430275162752
556 -42.9672350965801
557 -43.2584298582670
558 -43.0055725261909
559 -43.2627338746970
560 -43.0241421368283
561 -43.0793366384874
562 -43.1048926181001
563 -43.1322188009464
564 -43.4426431434210
565 -43.1621660126767
566 -43.2544751878361
567 -43.1696242419113
568 -42.9956940880232
569 -43.0998694669193
570 -43.1763698270024
571 -43.3241661973802
572 -43.0554972360748
573 -43.2468267988993
574 -43.1516343503018
575 -43.2969491463006
576 -43.2599560419192
577 -43.1791043944008
578 -43.2239347365715
579 -43.0878529985353
580 -43.1810408646369
581 -43.0167644166885
582 -43.3526748029710
583 -43.1682523405099
584 -43.2431322517246
585 -43.2027191880639
586 -43.1218857025113
587 -43.1325704538721
588 -43.1584265877336
589 -43.0741487810325
590 -43.1822699920016
591 -43.2575504608402
592 -43.3999985970832
593 -43.2792520892616
594 -43.1917056680638
595 -43.0017283562521
596 -43.2525664783513
597 -43.1125896087350
598 -43.3595044903381
599 -43.1943654177661
600 -43.1754037960078
601 -43.1936207202536
602 -43.1986039392012
603 -43.1616781014873
604 -43.2590224531232
605 -43.2299668518872
606 -43.1183472382690
607 -43.1533496223677
608 -43.2291396618757
609 -43.1013194804861
610 -43.2670159882563
611 -43.1960013257873
612 -43.4191714405657
613 -43.1593365882693
614 -43.2398492600429
615 -43.3186627926361
616 -43.5406771275072
617 -43.2502980098846
618 -43.3306211241957
619 -43.0967826791388
620 -43.2546796802192
621 -43.3703288762510
622 -43.1931479157317
623 -43.1989246868239
624 -43.0690729080414
625 -43.3366733289590
626 -43.1828334776119
627 -43.2507700562252
628 -43.0789505628100
629 -43.2846250799123
630 -43.1235622759426
631 -43.4370705555550
632 -43.1682055410005
633 -43.2739823535598
634 -43.2864599626387
635 -43.1579340475517
636 -43.2961180528756
637 -43.1242027940127
638 -43.3759992289147
639 -43.4754746619500
640 -43.2759556550848
641 -43.2332744891345
642 -43.1332301169238
643 -43.2434065734681
644 -43.1634501302921
645 -43.3053469358678
646 -43.1918206875647
647 -43.1973255718677
648 -43.2085172451361
649 -43.2880831772790
650 -43.3196643951660
651 -43.2328870468064
652 -43.2068845538226
653 -43.3890266094155
654 -43.2512043028153
655 -43.4453776612979
656 -43.3064256976488
657 -43.1873279575974
658 -43.2815687324544
659 -43.5613159311858
660 -43.3826022284445
661 -43.2685396580537
662 -43.2918891817808
663 -43.4496077566038
664 -43.1386514639134
665 -43.3054540044747
666 -43.4595506936050
667 -43.3347104619444
668 -43.4517633201028
669 -43.1224327903391
670 -43.2933050955656
671 -43.1702900910942
672 -43.4771581936959
673 -43.3668636683726
674 -43.4165698957744
675 -43.2765047525487
676 -43.2197013881653
677 -43.2566559792811
678 -43.1614342740700
679 -43.3574178379476
680 -43.2651164281799
681 -43.3008051265078
682 -43.3420602202236
683 -43.5568376126577
684 -43.4911625341282
685 -43.2178292678953
686 -43.2524109824821
687 -43.5131860091048
688 -43.3265308155281
689 -43.4248369749470
690 -43.4322891079973
691 -43.2842257335932
692 -43.0950890099457
693 -43.5365808112331
694 -43.3457807474166
695 -43.2892497629313
696 -43.3689466746800
697 -43.2363726872562
698 -43.3467648160303
699 -43.4762672221791
700 -43.4076530599867
701 -43.4297279167967
702 -43.1670506440975
703 -43.4134400115314
704 -43.3656716689428
705 -43.4948166198231
706 -43.4659838586286
707 -43.2355695817527
708 -43.4525905615246
709 -43.1658710935393
710 -43.2810220534796
711 -43.3012153801367
712 -43.4074193045477
713 -43.4860557924541
714 -43.3822392983456
715 -43.6248463345712
716 -43.2966603189395
717 -43.3745030257494
718 -43.3877412965203
719 -43.5200900904242
720 -43.3693218651180
721 -43.5596630637418
722 -43.5849014586173
723 -43.3322574802840
724 -43.3464423463157
725 -43.4875023286204
726 -43.6155046545810
727 -43.6609899820256
728 -43.3180505007141
729 -43.6002625531729
730 -43.3684752792400
731 -43.2748706399321
732 -43.3517896831878
733 -43.4805902773165
734 -43.3043550488974
735 -43.6546913782874
736 -43.3873849232851
737 -43.4542206549356
738 -43.4340809863851
739 -43.2955994095262
740 -43.3459959799060
741 -43.8121979404396
742 -43.5135975258905
743 -43.7103260559262
744 -43.4603510595005
745 -43.5828710097772
746 -43.5694847425836
747 -43.4034569515407
748 -43.5203535050643
749 -43.5292323393559
750 -43.6001264079696
751 -43.4838942789004
752 -43.3925578387774
753 -43.4861186980793
754 -43.5737989565221
755 -43.6784232141834
756 -43.7221157633225
757 -43.3444666551930
758 -43.6104862178790
759 -43.3459851532953
760 -43.3309585740929
761 -43.9323927842397
762 -43.5135869857795
763 -43.6795661260096
764 -43.5278048513432
765 -43.5285855775303
766 -43.3676412047020
767 -43.4411754380847
768 -43.3444881446110
769 -43.4050356122164
770 -43.4546190832008
771 -43.2809234828625
772 -43.4639791359288
773 -43.3538444314940
774 -43.6089924256758
775 -43.4279853774133
776 -43.3418539342196
777 -43.4841628957825
778 -43.4448651436008
779 -43.6032258070501
780 -43.6200016169599
781 -43.3738004977801
782 -43.4969253706783
783 -43.3754846928466
784 -43.4913594636860
785 -43.2090870608519
786 -43.3735016085340
787 -43.3999724552107
788 -43.2649836876289
789 -43.5940737781917
790 -43.3119623178924
791 -43.3921595074715
792 -43.6145926042116
793 -43.4756477081292
794 -43.4569261786163
795 -43.5069633530379
796 -43.3917549916075
797 -43.5919438633086
798 -43.4769848558073
799 -43.4067974289904
800 -43.4401698429358
801 -43.3970604513151
802 -43.3933144353362
803 -43.4204193408635
804 -43.2885095766227
805 -43.3698763455462
806 -43.4921267076857
807 -43.5243456108811
808 -43.4419524893686
809 -43.6185631416335
810 -43.4412931372803
811 -43.5321466535668
812 -43.4304725221673
813 -43.2994244137523
814 -43.3426611342404
815 -43.6610899567088
816 -43.7195397005273
817 -43.5921224919536
818 -43.5884907198817
819 -43.4111065726174
820 -43.5892610380381
821 -43.5761853421030
822 -43.3064460738286
823 -43.3754922264136
824 -43.3856356550001
825 -43.5817542174886
826 -43.8231203999838
827 -43.4472824205612
828 -43.5385851945626
829 -43.5483870314123
830 -43.4743737876129
831 -43.5239645617132
832 -43.7533222898820
833 -43.4043897583574
834 -43.4761214028563
835 -43.5343925422386
836 -43.5287150769594
837 -43.4025228031064
838 -43.5479290571037
839 -43.5785309474118
840 -43.6528566836607
841 -43.6238553750674
842 -43.6702214613082
843 -43.4178580877666
844 -43.7648523047392
845 -43.5152437510745
846 -43.6251973483906
847 -43.6137534611356
848 -43.4098087893875
849 -43.6037203972882
850 -43.7408043386724
851 -43.6890873413555
852 -43.5852833410266
853 -43.4896460590241
854 -43.7812641695842
855 -43.4738366615425
856 -43.6849786302930
857 -43.5476808268637
858 -43.6100217829432
859 -43.7646420609369
860 -43.6662242480707
861 -43.5496235653404
862 -43.5518691215721
863 -43.5500481592925
864 -43.5985054370325
865 -43.6864528100633
866 -43.5786466690621
867 -43.7356691881038
868 -43.4798888061573
869 -43.5819379818540
870 -43.7740087047916
871 -43.6416677637708
872 -43.4994000376406
873 -43.5680476402813
874 -43.5101881386090
875 -43.6116122438142
876 -43.6215116872930
877 -43.5560563744225
878 -43.6776035876249
879 -43.6151032902882
880 -43.6035233046627
881 -43.5282029459630
882 -43.4024635266966
883 -43.6064708723447
884 -43.7555422016227
885 -43.5245470305035
886 -43.5802842181927
887 -43.5027147396129
888 -43.8493832904819
889 -43.4985035202556
890 -43.6295022352583
891 -43.5140598693291
892 -43.6308393288920
893 -43.6361886615233
894 -43.4780826134888
895 -43.6398775499008
896 -43.5239111738064
897 -43.7852398565577
898 -43.6729423056823
899 -43.7564557980550
900 -43.5892549552015
901 -43.5325603610465
902 -43.7404714459397
903 -43.6168406715969
904 -43.7236749402249
905 -43.3553527356188
906 -43.5941645326574
907 -43.7177838327486
908 -43.6651688968381
909 -43.6278648021637
910 -43.7924150343867
911 -43.5861171037289
912 -43.6097761837033
913 -43.7477304763807
914 -43.8404402051645
915 -43.4768710732120
916 -43.6311200475623
917 -43.6276204452709
918 -43.6622114877576
919 -43.8389073989603
920 -43.8898019447647
921 -43.6054583800340
922 -43.5050425693648
923 -43.8158710163707
924 -43.7560172996452
925 -43.7376928819481
926 -43.5703609029658
927 -43.5613689223430
928 -43.8243584461037
929 -43.6918580360541
930 -43.7827918971989
931 -43.8829281178053
932 -43.7106500127595
933 -43.6845908451342
934 -43.9136883583267
935 -43.6237980437038
936 -43.7452279761709
937 -43.7899889829309
938 -43.7342210345724
939 -43.6112204824556
940 -43.7775280396940
941 -43.6264632721976
942 -43.6825835489613
943 -43.6411486529913
944 -43.6588619181857
945 -43.5924707446145
946 -43.7203841257971
947 -43.7639616162503
948 -43.7462879334571
949 -43.6121337723834
950 -43.9712296367891
951 -43.7490518070930
952 -43.9908336231077
953 -43.8556069192210
954 -43.7721924401224
955 -43.7840197223977
956 -43.6031448935640
957 -43.7941140071520
958 -43.7714425061619
959 -43.7270277446110
960 -43.8074140218881
961 -43.8694246359793
962 -43.8806278747087
963 -43.9221731082178
964 -43.9080397375143
965 -43.7201932943957
966 -43.6894633312216
967 -43.9720671466416
968 -43.6793089506863
969 -44.0968690909032
970 -43.7915388773689
971 -43.9191027691772
972 -43.7941015850838
973 -43.7145328129850
974 -43.8029754195506
975 -43.7351453076593
976 -43.9611742245167
977 -43.9908958803519
978 -43.9546021055634
979 -44.0526968306802
980 -43.7883910415775
981 -43.7880950033662
982 -43.7419575799012
983 -43.8458396247640
984 -43.9536183289830
985 -43.8008372095603
986 -44.0295465961904
987 -43.8777615166736
988 -43.8130287567156
989 -43.9571313610471
990 -43.9734199454922
991 -43.7827717275891
992 -43.7392316289436
993 -43.8950214848826
994 -43.8176564799176
995 -43.9538209192625
996 -43.9364971205154
997 -43.9632907125219
998 -43.9455433709897
999 -43.9103686351991
1000 -43.8798439606989
1001 -43.8562094937572
1002 -43.8713274214511
1003 -43.9428512002956
1004 -43.7104687137200
1005 -43.9023570224273
1006 -43.7816231168497
1007 -43.9692210671958
1008 -43.9618803942064
1009 -43.9344319799192
1010 -44.0170245975268
1011 -44.0243501013974
1012 -43.9320196268766
1013 -43.8437195852381
1014 -43.7814460524283
1015 -43.8959378334167
1016 -43.9270617457964
1017 -44.0240133740121
1018 -43.8574085255804
1019 -44.0301279551438
1020 -44.0033952511843
1021 -43.8295557291778
1022 -43.9293312738147
1023 -43.9125214145190
1024 -42.3640390224905
1025 -42.4828958485540
1026 -42.3067636499228
1027 -42.4091178780189
1028 -42.3739571750849
1029 -42.5132431817662
1030 -42.4255392236670
1031 -42.4716328680509
1032 -42.2136291003848
1033 -42.3036509387971
1034 -42.3738180459774
1035 -42.3494649488861
1036 -42.1025299091995
1037 -42.4686930012359
1038 -42.4569152487495
1039 -42.5157285538523
1040 -42.3231715835503
1041 -42.5553954895934
1042 -42.4660544739478
1043 -42.5145829869646
1044 -42.1534068514372
1045 -42.5675871844083
1046 -42.3628819042075
1047 -42.5463856862335
1048 -42.2462740924539
1049 -42.5347709208247
1050 -42.4002249379019
1051 -42.2507660677873
1052 -42.4043626629354
1053 -42.4505271325063
1054 -42.4879727180971
1055 -42.4915725322815
1056 -42.4448034586004
1057 -42.4523590796839
1058 -42.2210080410647
1059 -42.4188140289773
1060 -42.1932999042146
1061 -42.5327696310618
1062 -42.4884042472378
1063 -42.3383130425490
1064 -42.2272046249415
1065 -42.3362460390227
1066 -42.5187693673232
1067 -42.3042019658095
1068 -42.1068542060919
1069 -42.4326832769023
1070 -42.4494045772073
1071 -42.4143659559371
1072 -42.2874318078952
1073 -42.5317584584783
1074 -42.3232549468129
1075 -42.3335754944227
1076 -42.5138537541968
1077 -42.6678155122906
1078 -42.5202128098562
1079 -42.4371602314935
1080 -42.2917139355125
1081 -42.6235977632936
1082 -42.4722363955609
1083 -42.3998256009896
1084 -42.2685892932299
1085 -42.3833690423183
1086 -42.5056142120479
1087 -42.5186844172367
1088 -42.1657661726259
1089 -42.4801892846482
1090 -42.2046886846893
1091 -42.3937913373606
1092 -42.2787748500640
1093 -42.3527769751742
1094 -42.3582884798129
1095 -42.3903271982415
1096 -42.0962644304759
1097 -42.5259702092253
1098 -42.4062220472710
1099 -42.4132260730014
1100 -42.3414786241153
1101 -42.1201429212550
1102 -42.3897874992954
1103 -42.2791110880877
1104 -42.2610469612999
1105 -42.5061777417127
1106 -42.3926735127757
1107 -42.1951185137609
1108 -42.0280834490289
1109 -42.3798898829637
1110 -42.3138537763164
1111 -42.4169562003430
1112 -42.2164855978520
1113 -42.4114136100215
1114 -42.4269611305967
1115 -42.2552225373584
1116 -42.3864789356192
1117 -42.1296651317587
1118 -42.3620280131021
1119 -42.4270072867132
1120 -42.1447423465617
1121 -42.3124268456769
1122 -42.3722369334057
1123 -42.3889573548414
1124 -42.2766500516605
1125 -42.5123263830440
1126 -42.3514019802330
1127 -42.2688271210892
1128 -42.1557883958205
1129 -42.1856274197269
1130 -42.2140386581136
1131 -42.1922447460546
1132 -42.2269861744792
1133 -42.2937697390354
1134 -42.1778599289198
1135 -42.2079052726200
1136 -42.2778680511876
1137 -42.4480162616601
1138 -42.2822828244194
1139 -42.0645387171533
1140 -42.3032820763126
1141 -42.4463411989516
1142 -42.6077176486202
1143 -42.3601528800036
1144 -42.0691511937768
1145 -42.2426658966503
1146 -42.3074989394407
1147 -42.2840476157808
1148 -42.2069190319935
1149 -42.1559033267216
1150 -42.2559705331995
1151 -42.2315824335708
1152 -42.4307321026573
1153 -42.5289684523272
1154 -42.4278959011305
1155 -42.4546810504743
1156 -42.2702712563863
1157 -42.2439215697974
1158 -42.3226101487103
1159 -42.3414443312215
1160 -42.1956447230272
1161 -42.2711127050796
1162 -42.3306828413094
1163 -42.1868061653619
1164 -42.0387664219113
1165 -42.3911484193892
1166 -42.1957639137079
1167 -42.3904715049067
1168 -42.2948680410635
1169 -42.4207699369068
1170 -42.2561038888689
1171 -42.3808860890455
1172 -42.3209375195436
1173 -42.4501702794335
1174 -42.4432234710068
1175 -42.2617172361946
1176 -42.3127057160197
1177 -42.4160122481229
1178 -42.2430418408776
1179 -42.3416306559462
1180 -42.2720983871920
1181 -42.4263268690436
1182 -42.3787221082947
1183 -42.2304296658981
1184 -42.3702540138856
1185 -42.2306849986265
1186 -42.0836329907774
1187 -42.2028356101333
1188 -41.9843402755058
1189 -42.2102533017614
1190 -42.1623602138482
1191 -42.1954388635024
1192 -42.1353937203595
1193 -42.3016115370461
1194 -42.3296906696185
1195 -42.2566072945452
1196 -42.2238217214068
1197 -42.2688725159817
1198 -42.3658180185731
1199 -42.1743011652170
1200 -42.4532017248919
1201 -42.3514092766278
1202 -42.3333311462780
1203 -42.4376805234086
1204 -42.3204322177518
1205 -42.3663334192859
1206 -42.4984077070500
1207 -42.4595783679267
1208 -42.3617432139214
1209 -42.3627227495599
1210 -42.3241084379404
1211 -42.3271185139498
1212 -42.3437259141702
1213 -42.2312207638948
1214 -42.4096611963817
1215 -42.2628799081840
1216 -42.1131496696038
1217 -42.2302770992788
1218 -42.2752540235044
1219 -42.1649996973084
1220 -42.1393858931229
1221 -42.2880916328121
1222 -42.3334477583690
1223 -42.3066055641703
1224 -42.0778175837582
1225 -42.2643615898672
1226 -42.2239644442647
1227 -42.1843664394551
1228 -42.1304706682540
1229 -42.2198753599041
1230 -42.2697645315861
1231 -42.3442541978020
1232 -42.1540850809708
1233 -42.3076647284739
1234 -42.3048508419871
1235 -42.4500633994594
1236 -42.3160922285216
1237 -42.2233184192467
1238 -42.4511450687609
1239 -42.4482025377171
1240 -42.1556766366213
1241 -42.3297164699447
1242 -42.2563825623258
1243 -42.2137699083294
1244 -42.2273128361114
1245 -42.3501902228700
1246 -42.3368024057752
1247 -42.2485595106215
1248 -42.1804499370146
1249 -42.3561669709532
1250 -42.3075884464286
1251 -42.2106826096847
1252 -42.1813756526738
1253 -42.4396877790019
1254 -42.4513190337013
1255 -42.0184673661191
1256 -42.1749670752327
1257 -42.2756285882759
1258 -42.2613323887861
1259 -42.3784988877621
1260 -42.3952326339579
1261 -42.5176573938862
1262 -42.2852448017516
1263 -42.3191756943718
1264 -42.3721606745875
1265 -42.2838301009616
1266 -42.2123560361144
1267 -42.3553169056511
1268 -42.3861742964509
1269 -42.3686894652282
1270 -42.2097467913232
1271 -42.2054981230641
1272 -42.2826196024719
1273 -42.4192642102695
1274 -42.2454995772216
1275 -42.3231123567810
1276 -42.2788096405420
1277 -42.5827280553733
1278 -42.2222418186153
1279 -42.4039416003619
1280 -42.1618268867020
1281 -42.2987536004476
1282 -42.3759355335924
1283 -42.2743976795737
1284 -42.2714418388436
1285 -42.2379756148234
1286 -42.2327100872959
1287 -42.1406129537806
1288 -42.3146310604196
1289 -42.5429415674563
1290 -42.2294278486213
1291 -42.3398154565271
1292 -42.1594725183158
1293 -42.1654734830526
1294 -42.4021120015129
1295 -42.3999108352229
1296 -42.2021033508975
1297 -42.2264663470415
1298 -42.2485855017363
1299 -42.3153257863161
1300 -42.3160452882817
1301 -42.2196800530639
1302 -42.1094596691211
1303 -42.2492219088980
1304 -42.1645693491227
1305 -42.5257555469783
1306 -42.3449541296508
1307 -42.2163473975590
1308 -42.3275230336590
1309 -42.2875791545328
1310 -42.2289807896495
1311 -42.1144080777106
1312 -42.2930703741291
1313 -42.3402275266605
1314 -42.3123186297609
1315 -42.1118070086247
1316 -42.2692952108158
1317 -42.4515472984186
1318 -42.3543344700988
1319 -42.3037510079466
1320 -42.1169965885688
1321 -42.2345886746993
1322 -42.4163084477710
1323 -42.1558147646660
1324 -42.1479860294182
1325 -42.2727160526278
1326 -42.2724202742449
1327 -42.2247224526497
1328 -42.2492105755977
1329 -42.5704574502325
1330 -42.5059385782318
1331 -42.2144804042169
1332 -42.1599076052507
1333 -42.5314897657739
1334 -42.4547002856308
1335 -42.2393812196355
1336 -42.4208821088959
1337 -42.2240863485002
1338 -42.2553500651837
1339 -42.2450521004081
1340 -42.3621835906173
1341 -42.3906318103651
1342 -42.5075567583928
1343 -42.2066618090839
1344 -42.2603396682596
1345 -42.3248786254956
1346 -42.3175960274475
1347 -42.3153599899153
1348 -42.3027139423449
1349 -42.3703858209122
1350 -42.4303184726358
1351 -42.2298448494739
1352 -42.2178622498347
1353 -42.4403800004844
1354 -42.4857381018030
1355 -42.2939637638149
1356 -42.3150574261247
1357 -42.1846209218257
1358 -42.4048365006133
1359 -42.3286116858865
1360 -42.1308059471536
1361 -42.4767502340675
1362 -42.1577632605548
1363 -42.1692179734022
1364 -42.2770552216146
1365 -42.3406166454859
1366 -42.3437473856095
1367 -42.3967778163680
1368 -42.3996330607954
1369 -42.3296065477903
1370 -42.4331670374613
1371 -42.1597794696067
1372 -42.2255348557351
1373 -42.2582036076420
1374 -42.4607735858877
1375 -42.1798638272019
1376 -42.3253784596135
1377 -42.3736950795828
1378 -42.3643701597668
1379 -42.0569008989469
1380 -42.2508966345590
1381 -42.4799932338479
1382 -42.2957076011214
1383 -42.3505879009031
1384 -42.1645753363637
1385 -42.3259829852167
1386 -42.4350388411891
1387 -42.2417125440559
1388 -42.3076688112003
1389 -42.2887213535988
1390 -42.4166669413495
1391 -42.1935559076324
1392 -42.1784354588266
1393 -42.4687309083690
1394 -42.0875804187658
1395 -42.2689033074484
1396 -42.0522628370282
1397 -42.4938522203991
1398 -42.2923846029157
1399 -42.1882684974059
1400 -42.2892489498720
1401 -42.2979839859099
1402 -42.2149265623353
1403 -42.1005434007291
1404 -42.0748965026474
1405 -42.2710707926221
1406 -42.5084499291011
1407 -42.0780879479357
1408 -42.5050699328474
1409 -42.1407752469404
1410 -42.2948218852829
1411 -42.2654683696553
1412 -42.3078270288167
1413 -42.2285914370354
1414 -42.3439173626472
1415 -42.0432061297297
1416 -42.2131130939360
1417 -42.1778899661019
1418 -42.2162962645288
1419 -41.9726195793531
1420 -42.3316106060181
1421 -42.1049873555115
1422 -42.3832900048632
1423 -42.1856938065097
1424 -42.3881525450727
1425 -42.1705590204163
1426 -42.2282940442102
1427 -42.1419221810315
1428 -42.1985263303066
1429 -42.3087340858561
1430 -42.2641715611814
1431 -42.3441350298662
1432 -42.3728273329953
1433 -42.3392568612821
1434 -42.2745447221952
1435 -42.1801421296874
1436 -42.1442786950466
1437 -42.1238345207614
1438 -42.2806110499200
1439 -42.1542919207334
1440 -42.2457180657553
1441 -42.1769084647601
1442 -42.3612073804459
1443 -42.2677698211058
1444 -42.2947910703643
1445 -42.2335522867990
1446 -42.3128850157394
1447 -42.2116665228354
1448 -42.3606803029971
1449 -42.3349708478857
1450 -42.2224293872975
1451 -42.1294819166908
1452 -42.1867414125990
1453 -42.0422252992704
1454 -42.3010700331988
1455 -42.3150948614221
1456 -42.2199100166709
1457 -42.2037646326749
1458 -42.5515045342527
1459 -42.1696978867635
1460 -42.1991120907739
1461 -42.2093293493338
1462 -42.4127120049764
1463 -42.4019514772578
1464 -42.1880518353984
1465 -42.1848926324817
1466 -42.2991454291977
1467 -42.1300543257593
1468 -42.1786123202112
1469 -42.3388617921973
1470 -42.4711520996814
1471 -42.2459168707101
1472 -42.1422613237439
1473 -42.1588440782071
1474 -42.1116800539317
1475 -42.2917892599527
1476 -42.0385724420647
1477 -42.1346378815435
1478 -42.0216384970887
1479 -42.1166747084824
1480 -42.2074989355204
1481 -42.0977198504555
1482 -42.1912743146170
1483 -42.2177721107649
1484 -42.1655336402369
1485 -42.1946643183565
1486 -42.1376137682846
1487 -42.0639899764271
1488 -42.0260691135525
1489 -42.3825858818613
1490 -42.1424345982216
1491 -42.1725511245144
1492 -42.2218062472730
1493 -42.2472234485073
1494 -42.3084670315026
1495 -42.1750003109949
1496 -42.1701769234367
1497 -42.1744787063710
1498 -42.2093006249605
1499 -42.2290434462293
1500 -42.0455080469078
1501 -42.2090889387176
1502 -42.2622447170938
1503 -42.2872609066929
1504 -42.0298168852766
1505 -42.2010719490848
1506 -42.2833640591267
1507 -42.1074883762343
1508 -42.1978234018906
1509 -42.0719383303652
1510 -42.2780920669184
1511 -42.2896839940351
1512 -42.2145932468519
1513 -42.2194599570272
1514 -42.1323814301226
1515 -42.1648728021939
1516 -42.2494393903536
1517 -42.2844071595673
1518 -42.2284664948809
1519 -42.1737554829118
1520 -42.1630683868064
1521 -42.2055758423611
1522 -42.1927451615645
1523 -42.1310460096380
1524 -42.1431944169413
1525 -42.1111970919646
1526 -42.2877987424958
1527 -42.2464263863987
1528 -42.2641429019789
1529 -42.1923540645973
1530 -42.1191488850349
1531 -42.2013148675091
1532 -41.9872841117109
1533 -42.0125147320126
1534 -42.3018418990822
1535 -42.0789599092378
1536 -42.1778306699974
1537 -42.3980784763557
1538 -42.3825512337268
1539 -42.1241993613684
1540 -42.0602966013349
1541 -42.1462185579774
1542 -42.1938158401871
1543 -42.1996545879729
1544 -42.3938470950613
1545 -42.2340179280456
1546 -42.4360494208209
1547 -42.1643188385239
1548 -42.2517334294762
1549 -42.2066993552808
1550 -42.1665686569321
1551 -42.3151557483248
1552 -42.3207797477980
1553 -42.2014415910326
1554 -42.3436177442286
1555 -42.2481992932092
1556 -42.3105560953808
1557 -42.3956005575610
1558 -42.2851234180744
1559 -42.2850670155355
1560 -42.1884294112477
1561 -42.3092557694254
1562 -42.3823172017872
1563 -42.2334429198757
1564 -42.2827203167736
1565 -42.1851348126217
1566 -42.2944792773843
1567 -42.3238941468083
1568 -42.3581562768993
1569 -42.1138445967733
1570 -42.3180458544075
1571 -42.1096645932229
1572 -42.1480786401472
1573 -42.2093921221439
1574 -42.4102212186123
1575 -42.2821551946987
1576 -42.0778539329794
1577 -42.0947294552750
1578 -42.2399298650215
1579 -42.2228079433181
1580 -42.3724955573473
1581 -42.3226603258167
1582 -42.0487700217823
1583 -42.3497355766600
1584 -42.2416936248875
1585 -42.1786820580325
1586 -42.2730812671627
1587 -42.3410034557155
1588 -42.2526779499565
1589 -42.5222173474345
1590 -42.1589833167710
1591 -42.2531546134258
1592 -42.4184380939610
1593 -42.1153091002173
1594 -42.2132608303311
1595 -42.0603015400698
1596 -42.1322738271471
1597 -42.1552303556828
1598 -42.3515540278019
1599 -42.2342494920971
1600 -42.1859088130546
1601 -42.3502395899172
1602 -42.0591261497763
1603 -42.2570123431180
1604 -42.2676127033506
1605 -42.2064854433049
1606 -42.1223961869144
1607 -42.1566885740677
1608 -42.2384061114983
1609 -42.1785853577439
1610 -42.3497552387664
1611 -42.2406547417211
1612 -42.1924297382756
1613 -42.2568670697269
1614 -42.3030366113010
1615 -42.2164296532357
1616 -42.1161536757638
1617 -42.3562155239264
1618 -42.3257428947148
1619 -42.2136243220002
1620 -42.4345470513490
1621 -42.2548924481631
1622 -42.2519506131834
1623 -42.3119159598451
1624 -42.3312949917457
1625 -42.1646734259737
1626 -42.0532321311576
1627 -42.0427982343338
1628 -42.2149745394185
1629 -42.2149644755036
1630 -42.3000305587182
1631 -42.0400948973851
1632 -42.2350236535582
1633 -42.2333296051522
1634 -42.1950929386427
1635 -42.2410417933397
1636 -42.1837139633470
1637 -42.3946804805180
1638 -42.2547878989726
1639 -42.4094404900609
1640 -42.1373970111953
1641 -42.3312756424894
1642 -42.2912813860068
1643 -42.3516320010286
1644 -42.2248757844810
1645 -42.3986703061406
1646 -42.3431412149229
1647 -42.3109455137016
1648 -42.2576151912379
1649 -42.2339250502187
1650 -42.2829926029039
1651 -42.2292725602366
1652 -42.0105884754517
1653 -42.1777372099940
1654 -42.2000777038586
1655 -42.1723309386802
1656 -42.0532769544201
1657 -42.2261656200992
1658 -42.2848813617544
1659 -42.2557717155710
1660 -42.1872571685677
1661 -42.2736396392015
1662 -42.4992277746919
1663 -42.2307043779872
1664 -42.4424587849967
1665 -42.1948672210632
1666 -42.2168713132224
1667 -42.2364662206350
1668 -42.4529669389402
1669 -42.2857808632873
1670 -42.1896375198829
1671 -42.2297366391234
1672 -42.1940019447309
1673 -42.5686641345205
1674 -42.2773677965600
1675 -42.2744636587838
1676 -42.2009574497179
1677 -42.4555245280882
1678 -42.3518995745390
1679 -42.4756936533107
1680 -42.3949343672497
1681 -42.3215676488142
1682 -42.2610253648423
1683 -42.4126711547424
1684 -42.1310388640240
1685 -42.3898450422481
1686 -42.3321179071113
1687 -42.2239496661794
1688 -42.0879758566057
1689 -42.2180407348870
1690 -42.2718307241654
1691 -42.1245587132936
1692 -42.2540171580991
1693 -42.1706476181355
1694 -42.3509114603246
1695 -42.3202519546407
1696 -42.2872195591299
1697 -42.2646009983401
1698 -42.2702229293635
1699 -42.3676196474614
1700 -42.1240779591773
1701 -42.0855666065497
1702 -42.0778412176742
1703 -42.1591175663718
1704 -42.1713963549239
1705 -42.0765226424082
1706 -42.3446038006742
1707 -42.1485040474714
1708 -42.1304496802156
1709 -42.2729940800961
1710 -42.3258742178157
1711 -42.2686471156362
1712 -42.2539965616677
1713 -42.2346346089641
1714 -42.4715056240789
1715 -42.2597505376639
1716 -42.1985888617041
1717 -42.2303352949733
1718 -42.0948046141258
1719 -42.1609616572924
1720 -42.1379957711667
1721 -42.2882137063045
1722 -42.2773764749711
1723 -42.0817662956913
1724 -42.3634233548578
1725 -42.2084179290048
1726 -42.3172279188628
1727 -42.1242506661485
1728 -42.4568476881556
1729 -42.2049585412772
1730 -42.2152364192932
1731 -42.3217082144849
1732 -42.1889495948941
1733 -42.1501932583831
1734 -42.3031513939083
1735 -42.2836544880352
1736 -42.1968295962953
1737 -42.2699183999434
1738 -42.1681272229492
1739 -42.2952469737198
1740 -42.2406907322215
1741 -42.4765704430078
1742 -42.1552806636841
1743 -42.3202716021189
1744 -42.1552984820788
1745 -42.3717815611057
1746 -42.3594340516901
1747 -42.3567494289353
1748 -42.1810502965954
1749 -42.4129808752589
1750 -42.1058211220408
1751 -42.4350444956382
1752 -42.1915790224931
1753 -42.2737743417181
1754 -42.4362668581717
1755 -42.2590963268515
1756 -42.0209783552756
1757 -42.3626395869945
1758 -42.3974453214376
1759 -42.1096020938117
1760 -42.1081019800152
1761 -42.2346817568485
1762 -42.3111966812828
1763 -42.3076735343113
1764 -42.1723428175503
1765 -42.3839694931176
1766 -42.1605087102624
1767 -42.3065987110847
1768 -42.2206444375826
1769 -42.1070033965636
1770 -42.1912301325731
1771 -42.2638358272294
1772 -42.0791103020862
1773 -42.5190545346943
1774 -42.2096972508194
1775 -42.2410318243341
1776 -42.1541480148538
1777 -42.2157384938585
1778 -42.3092029982949
1779 -42.2686610098258
1780 -42.1381708330663
1781 -42.3473791842345
1782 -42.2769472034126
1783 -42.2945426224180
1784 -42.2717565037232
1785 -42.1764769861310
1786 -42.1863734839406
1787 -42.1726340810707
1788 -42.2048089470961
1789 -42.2727354890091
1790 -42.1861681913802
1791 -42.1645710507090
1792 -42.1298375106480
1793 -42.1636401250293
1794 -42.2036677628751
1795 -42.2245914601099
1796 -42.1572445035599
1797 -41.9638695469709
1798 -42.0615843119220
1799 -42.1594330333844
1800 -42.0414076893620
1801 -42.2779491866267
1802 -42.3188998702508
1803 -42.4054079593819
1804 -42.4004734301410
1805 -42.1289578077876
1806 -42.1505273273827
1807 -42.1036216478783
1808 -42.1953201310674
1809 -42.1422372893021
1810 -42.2941573604665
1811 -42.0435273422963
1812 -42.1777073752824
1813 -42.2033474853316
1814 -42.0588558095526
1815 -42.1336624723884
1816 -42.1866645692222
1817 -42.2109601475882
1818 -42.2891427464572
1819 -42.1396069661655
1820 -42.1394467121998
1821 -42.0993051240414
1822 -42.1944473574446
1823 -42.3249814923070
1824 -42.1393768373797
1825 -42.1444428890605
1826 -42.1286988743684
1827 -42.1862875653275
1828 -42.0508558781405
1829 -42.3128961737758
1830 -42.1724985071871
1831 -42.1428119604019
1832 -42.0797324843962
1833 -42.0292042662022
1834 -42.1346242029978
1835 -42.1773159066213
1836 -42.1272568024922
1837 -42.2410149617906
1838 -42.1870986708590
1839 -42.1551350640999
1840 -42.2117733743520
1841 -42.3563791203956
1842 -42.4040370783563
1843 -42.1947196876595
1844 -42.1246162200596
1845 -42.2525987156659
1846 -42.3179855405129
1847 -42.3061403290895
1848 -42.2684973073133
1849 -42.2397407654388
1850 -42.2299031070281
1851 -42.3706866244824
1852 -42.3087734349008
1853 -42.1817915699606
1854 -42.1188291373408
1855 -42.2736876008885
1856 -41.9667620153201
1857 -42.1294391063187
1858 -42.1611242951371
1859 -42.0684248319434
1860 -41.9707600929150
1861 -42.0270297874446
1862 -42.1994493949349
1863 -42.1751556465627
1864 -41.9338382371531
1865 -42.2407732175448
1866 -42.2466314009171
1867 -42.1130750132791
1868 -42.0936150563994
1869 -42.1225799520514
1870 -42.3175448121636
1871 -41.9870942489311
1872 -42.2974454719648
1873 -42.3771917282172
1874 -42.2527387034186
1875 -42.2670143021791
1876 -41.9844854676497
1877 -42.1406175089992
1878 -42.0787816156087
1879 -42.3102295779946
1880 -42.1305840394919
1881 -42.1728393269911
1882 -42.1431529735501
1883 -42.0954414982995
1884 -42.0173777371581
1885 -42.2590387356382
1886 -42.2367102772762
1887 -42.1688388245478
1888 -42.1476227798179
1889 -42.2467180037642
1890 -42.1693533082221
1891 -42.1934184145649
1892 -42.0849967574622
1893 -42.1774161182512
1894 -42.0636552468587
1895 -42.2442696816563
1896 -41.9007625407586
1897 -42.0893341520211
1898 -42.2230939147471
1899 -42.3314184663129
1900 -41.9749328425037
1901 -42.0975686909982
1902 -42.1000613071115
1903 -42.1657339240974
1904 -42.1896242991621
1905 -42.2650853369996
1906 -42.2324459145708
1907 -42.3985412877054
1908 -42.2015602754247
1909 -42.1694770799391
1910 -42.2397899575607
1911 -42.0383755413481
1912 -41.9628103259945
1913 -42.3266263001478
1914 -42.3168097647089
1915 -42.1563035476587
1916 -42.2594067015080
1917 -42.1804609067893
1918 -42.1579908937297
1919 -42.0655059927287
1920 -42.2120635274726
1921 -42.2809180555822
1922 -42.3524532708638
1923 -42.1180657096906
1924 -41.9902214243784
1925 -41.9225828140833
1926 -42.2434741975316
1927 -42.1334184078632
1928 -42.0977133087939
1929 -42.1346715335179
1930 -42.4314211987307
1931 -42.2934788338112
1932 -41.8963992703323
1933 -42.3610969747939
1934 -42.3311943366576
1935 -41.9861392559947
1936 -42.2109133242527
1937 -42.2037829835685
1938 -42.3834158668544
1939 -42.3036533277551
1940 -42.1481758354819
1941 -42.2203269221809
1942 -42.3884228451168
1943 -42.1042119969681
1944 -42.3403885908060
1945 -42.1606810467725
1946 -42.2058410441925
1947 -42.1281138917813
1948 -42.2192054527236
1949 -42.1220670795367
1950 -42.2631303303451
1951 -42.1090772558604
1952 -42.0775935923155
1953 -42.1030722790238
1954 -42.1683961052173
1955 -42.1559121159800
1956 -41.9941761188883
1957 -42.0711685211209
1958 -42.2931819361555
1959 -41.9777369326479
1960 -42.2224905752971
1961 -42.1909711066582
1962 -42.3273434905673
1963 -42.1691006617632
1964 -42.0534820592846
1965 -42.1868777172958
1966 -42.1270068088522
1967 -42.2439135291082
1968 -42.2236323488140
1969 -42.2557508284248
1970 -42.0884809394838
1971 -42.2282242736364
1972 -42.0957092053850
1973 -42.1480320314836
1974 -42.3351933430413
1975 -42.2043610352998
1976 -42.0172155905043
1977 -42.0828822132362
1978 -42.3304950017574
1979 -42.1453489581321
1980 -42.1751522475465
1981 -41.9251580628917
1982 -42.1531147998961
1983 -42.1091273241692
1984 -42.1065018604282
1985 -42.3100469338030
1986 -42.1445205101505
1987 -42.0946671905728
1988 -42.0598063089607
1989 -41.9424006460205
1990 -42.1430164482217
1991 -41.9905037407302
1992 -42.1964615973477
1993 -42.0135997596320
1994 -42.2009181693347
1995 -42.1247084258602
1996 -42.0633566562335
1997 -42.0474325487822
1998 -42.0935714578285
1999 -42.1381946456887
2000 -42.0970617643932
2001 -42.2512200356262
2002 -42.1269914588546
2003 -42.1738112449680
2004 -41.9464781172266
2005 -42.0152377557597
2006 -42.2098999700090
2007 -42.1468995507072
2008 -42.0940298414020
2009 -42.0292509337905
2010 -42.2239839519493
2011 -42.0803836291599
2012 -42.2297268961594
2013 -41.9681989982920
2014 -42.0502937595258
2015 -42.1741004862066
2016 -41.9546589553841
2017 -42.1572305083978
2018 -42.1232680766871
2019 -41.9291580889831
2020 -42.0949887608405
2021 -42.0496028732033
2022 -42.1686153513700
2023 -42.0113465930563
2024 -42.0643148861984
2025 -42.0625371058018
2026 -42.2307911635215
2027 -41.9771594562837
2028 -42.0788165023898
2029 -42.1312728713849
2030 -42.1301973355013
2031 -42.0033693568705
2032 -42.0502981843760
2033 -42.2503870146233
2034 -42.4461382740215
2035 -42.1147049116682
2036 -42.0420118680260
2037 -42.2365781445237
2038 -42.4232192073412
2039 -41.9604633083934
2040 -42.2226596496156
2041 -41.9140521393051
2042 -42.3281211249248
2043 -42.1065975979641
2044 -42.2923852512407
2045 -42.0786530031968
2046 -42.0733186486905
2047 -42.1375037143151
